ID	money	experience	contribution	justice	prestige	titlepoint	arenaaward	exteriorpiece	examprint	train	tongfund	tongresource	prestigelimit	contributionlimit	justicelimit	personalhighlevel	teamhighlevel	exitem1	exitem2	exitem3	exitem4	exdoubleitem
0	0	0	0	0	0	0	0		0	0	0	0										
14	10		2000	400																		
16					3000	1000																
17																		8;13938;1	5;17347;1	5;10334;1	8;18348;1	
18					3000	1000																
19																						
27					3000	1000																
28					3000	1000																
29	150		4000	600							300											
30			3500	500	3500																	
31					3000	1000																
32																		8;87;1	6;14814;1	7;34806;1	7;34807;1	
33																		8;18295;1	8;88;1	8;89;1	5;27842;1	
34																		8;19463;1	8;13760;1	8;2833;1	8;17537;1	
35									100													
36									100													
37									200													
41					5000	2500																
42																		5;10439;1	5;17537;1	5;4933;1	8;18396;1	
43																		8;10188;1	8;13761;1	8;19464;1	5;23544;1	
44					3000	1000																
45																						
46																						
49																						
50																						
51																						
52																						
53																						
54																						
55																						
56																						
58																						
59																		8;17321;1	8;19374;1	8;20989;1	8;9632;1	
61																						
62																						
63																						
64																						
69																						
70					3000	1000																
71					3000	1000																
72					3000	1000																
73	50				3500	1500																
74																						
75					3000	1000																
76					3000	1000																
77					3000	1000																
82																						
88																						
89																						
90																						
92																						
93																						
94	15		2000					5;24726;35														
97																						
103																						
104	50																	5;26013;1				
105																						
106																						
110	50			500				5;24726;25														
111	100	100000	3000	300																		
113																		5;7844;1	5;7845;1	5;7846;1	5;7847;1	
114																		5;11632;1	5;20523;1	5;6255;1	5;7968;1	
116																						
117																		8;19332;1	5;18786;45	8;16876;1		
118																						
119										5000												
120	20			300				5;24726;18														
121					3000	1000																
124										1000												
125																						
127																						
128	20																	5;17032;3				
129																						
130																						
131																						
132	50		3000						50	3500								5;10821;15				
133																						
134																						
135																		7;35948;1	7;35949;1	7;35950;1	7;35951;1	
136					3000	1000																
137					3000	1000																
138																						
139																						
141																						
142																						
143																		5;17049;1	5;17046;1	5;17145;1	5;17047;1	
144																						
145																						
149																						
151	10		2500	400					50					5;19312;2								
152	10		2500	400					50					5;19312;2								
153	10		2500	400					50					5;19312;2								
154	10		2500	400					50					5;19312;2								
155	10		2500	400					50					5;19312;2								
156	10		2500	400					50					5;19312;2								
157	10		2500	400					50					5;19312;2								
158	10		2500	400					50					5;19312;2								
159	10		2500	400					50					5;19312;2								
160																						
161	300																	5;7873;1	5;7874;1	5;7875;1	5;7876;1	
162																						
163																						
164																						
168																						
170																						
171																						
172																						
173																						
174																						
175																						
176																						
177																						
180																						
181																						
182																						
183																						
184																						
185																						
186	10		2500	400					50					5;19312;2								
187																						
188	50		5000	500																		
189																						
190	10		2500	400					50									5;19312;2				
191																						
192	50		5000	360																		
193	50		5000	500																		
195																						
196									100													
197									200													
198									200													
200																						
201																						
202																						
203																						
205	24				600	150																
206	18				900	480																
209																						
210																						
211																						
212																						
213																						
214																						
219	50		5000	500																		
222																						
224																		5;21051;3	8;19303;1			
225					10000	2000							5;24827;23									
226																						
227																						
228																						
229																						
230																						
231																						
232																						
233																						
234																						
235	50				2000	1000						50										
236																						
237																						
238																						
239																						
240																						
241																						
244	150				1500	500					100	60										
245	300				5000	3000						5000	5;24827;5									
246					3000	1000																
248																						
249																						
250																						
251	0	0	0	0	0	0	0		0	0	0	0										
252	0	0	0	0	0	0	0		0	0	0	0										
253	0	0	0	0	0	0	0		0	0	0	0										
254	0	0	0	0	0	0	0		0	0	0	0										
255	0	0	0	0	0	0	0		0	0	0	0										
256	0	0	0	0	0	0	0		0	0	0	0										
257	0	0	0	0	0	0	0		0	0	0	0										
258	0	0	0	0	0	0	0		0	0	0	0										
259	0	0	0	0	0	0	0		0	0	0	0										
260	0	0	0	0	0	0	0		0	0	0	0										
261	0	0	0	0	0	0	0		0	0	0	0										
262	250	0	0	0	8000	5000	0		0	0	0	0										
263	250	0	0	0	8000	5000	0		0	0	0	0										
264	50	0	0	0	3500	1500	0		0	0	0	0										
265		0	0	0	3000	1000	0		0	0	0	0	5;19946;2									
266		0	0	0		0			0	0	0	0										
267	100	0	0	0	2000	1000	0		0	0	0	0										
268	0	0	0	0	0	0	0		0	0	0	0										
269	0	0	20000	800	10000	0	0		0	0	0	0						5;10334;5	5;19886;5			
270	50	0	0	0	500	300	0		0	0	0	0										
272	0	0	0	0	0	0	0		0	0	0	0										
273	0	0	0	0	0	0	0		0	0	0	0						5;20523;1	5;20524;1	5;22090;1	5;22085;1	
274	0	0	0	0	0	0	0		0	0	0	0						5;22146;100	8;16786;1	8;11838;1	8;11837;1	
276	15	0	5000		0	0	0		0	0	0	0						5;19406;2	5;22345;1	5;22343;1	5;22341;6	
277	15	0		600	0	0	0		0	0	0	0						5;19312;4	5;22343;1	5;22341;7		
278	0	0	0	0	0	0	0		0	0	0	0										
279	0	0	0	0	0	0	4000		0	0	0	0				200	200					
280																						
281	0	0	0	0	0	0	0		0	0	0	0										
282	0	0	0	0	0	0	0		0	0	0	0										
283																						
284	10		2500	400					50					5;19312;2								
285																						
286			5000	500	5000				50									5;21979;1				
287			5000	500	5000				50									5;20523;1	5;21979;1			
289																						
290			5000	500	5000				50									5;10869;1				
291																						
292	5																	5;22957;5				
293																						
294	100			500				5;24726;20														
295																						
296																						
298																						
299																						
300	50		2000	400														5;25798;100				
301																		5;19316;640	5;19308;1280			
302																						
303																						
304	50		2000	400														5;25798;100				
305	50		2000	400														5;25798;100				
306	0	0	0	0	0	0	0		0	0	0	0						5;22087;1	5;22086;1	5;22085;1	5;22084;1	
307																						
308	40		3000						40	2500								5;26188;20				
309																						
310																						
311			4000	500	4000				20									5;20533;1	5;24450;1	5;23224;1	5;24456;1	
312			3500	450														8;16683;1	8;16682;1	8;16684;1		
313	50		2000	400														5;25798;100				
314																						
315	50		6000	300																		
316	100				1500	1000					100							5;21243;3000				
317																						
318																						
319																						
320	20																	5;26188;100				
321	40		3000						40	2500								5;26188;20				
322	60		4000						50	3500								5;26188;30				
323	20																	5;26188;100				
324			3000						40	2500								5;26188;20				
325	60		4000						50	2500								5;26188;30				
326	20																	5;26188;100				
327	60		4000						50	2500								5;26188;30				
328	40		3000						40	2500								5;26188;20				
329	20																	5;26188;100				
330	40		3000						40	2500								5;26188;20				
331	60		4000						50	3500								5;26188;30				
332	20																	5;26188;100				
333	40		3000						40	2500								5;26188;20				
334	60		4000						50	3500								5;26188;30				
335	20																	5;26188;100				
336	40		3000						40	2500								5;26188;20				
337	60		4000						50	2500								5;26188;30				
338	20																	5;26188;100				
339	40		3000						40	2500								5;26188;20				
340	60		4000						50	2500								5;26188;30				
341	20																	5;26188;100				
342	40		3000						40	2500								5;26188;20				
343	60		4000						50	3500								5;26188;30				
344	20																	5;26188;100				
345	40		3000						40	2500								5;26188;20				
346	60		4000						50	3500								5;26188;30				
347	20																	5;26188;100				
348	40		3000						40	2500								5;26188;20				
349	60		4000						50	2500								5;26188;30				
350	20																	5;26188;100				
351	40		3000						40	2500								5;26188;20				
352	60		4000						50	2500								5;26188;30				
353	20																	5;26188;100				
354																						
355	60		4000						50	3500								5;26188;30				
356																						
357	50		2000	400														5;25798;100				
364																						
365	0	0	0	0	0	0	0		0	0	0	0						8;17534;1	8;17535;1			
366	0	0	0	0	0	0	0		0	0	0	0						5;22087;1	5;22086;1	5;22085;1	5;22084;1	
367									20									5;27160;40	5;26188;20			
368			3000	300																		
369	100		3500	350																		
370	20																	5;26188;100				
371	40		3000						40	2500								5;26188;20				
372	60		4000						50	3500								5;26188;30				
373	60		4000						50	3500								5;26188;30				
374																		5;24808;100	5;24816;50			
375			4000	500	4000				20									5;20533;1	5;27807;1	5;26982;1	5;27810;1	
378																						
379																						
380										10000												
381																						
383																		5;6258;100	5;6055;1	5;27834;50		
384																		5;26274;21	5;26275;21	5;26276;21	5;23637;21	
385																						
386																		5;26274;21	5;26275;21	5;26276;21	5;23637;21	
387																						
388																		5;27946;40	5;26188;20	5;6735;20	5;6258;20	5;24808;60
389																		5;27948;1	5;27947;2			
390																						
391																						
392																						
393																						
394																						
395							6400															
397																						
398																						
399																						
401																						
402																						
403																		5;28455;48	5;28456;10			
407																						
408																						
409					3000	1000																

 -- by 每天涨停@梦江南 $ Jx3UnPack-PAKV3 jx3.mail@gmail.com