Level	ForceID	MapID1	AreaID1	MapID2	AreaID2	MapID3	AreaID3	MapID4	AreaID4	MapID5	AreaID5	MapID6	AreaID6	MapID7	AreaID7	MapID8	AreaID8	MapID9	AreaID9	MapID10	AreaID10	MapID11	AreaID11	MapID12	AreaID12	MapID13	AreaID13	MapID14	AreaID14	MapID15	AreaID15	MapID16	AreaID16	MapID17	AreaID17	MapID18	AreaID18	MapID19	AreaID19	MapID20	AreaID20	MapID21	AreaID21	MapID22	AreaID22
0	0	0		0		0		0		0		0		0		0		0		0																									
1	0	1																																											
2	0	1																																											
3	0	1																																											
4	0	1																																											
5	0	1																																											
6	0	1																																											
7	0	1																																											
8	0	1																																											
9	0	1																																											
10	0	1																																											
11	0	1																																											
12	0	1																																											
13	0	1																																											
14	0	1																																											
15	0	5		2		11		7		16		49		102		150		122		159		193		213		243																			
15	1	5																																											
15	2	2																																											
15	3	11																																											
15	4	7																																											
15	5	16																																											
15	6	102		102																																									
15	7	122																																											
15	8	49																																											
15	9	159																																											
16	1	5																																											
16	2	2																																											
16	3	11		11																																									
16	4	7																																											
16	5	16		16																																									
16	6	102		102																																									
16	7	122																																											
16	8	49																																											
17	1	5		5		5																																							
17	2	2		2																																									
17	3	11		11																																									
17	4	7		7																																									
17	5	16		16																																									
17	6	102																																											
17	7	122																																											
17	8	49																																											
17	9	159																																											
18	1	5																																											
18	2	2		2		2																																							
18	3	11		11																																									
18	4	7																																											
18	5	16		16																																									
18	6	102																																											
18	7	122																																											
18	8	49																																											
19	1	5																																											
19	2	2		2		2																																							
19	3	11		11																																									
19	4	7		7																																									
19	5	16																																											
19	6	102																																											
19	7	122																																											
19	8	49																																											
19	9	159																																											
20	1	5		5		5		5																																					
20	2	2		2																																									
20	3	11		11																																									
20	4	7		7		7																																							
20	5	16		16																																									
20	6	102																																											
20	7	122																																											
20	8	49		49		49																																							
21	1	5		5		5																																							
21	2	2		2																																									
21	3	11		11																																									
21	4	7		7																																									
21	5	16																																											
21	6	102		102																																									
21	7	122																																											
21	8	49		49																																									
21	9	159																																											
22	1	5																																											
22	2	2		2		2																																							
22	3	11		11																																									
22	4	7		7		7																																							
22	5	16		16																																									
22	6	102																																											
22	8	49		49																																									
23	1	5		5		5		5																																					
23	2	2		2		2																																							
23	3	11																																											
23	4	7		7																																									
23	5	16		16																																									
23	6	102																																											
23	7	122		122		122																																							
23	8	49		49																																									
23	9	159																																											
24	1	5																																											
24	2	2		2																																									
24	3	11		11		11																																							
24	4	7		7																																									
24	5	16																																											
24	6	102																																											
24	7	122		122		122																																							
24	8	49		49																																									
24	9	159																																											
25	1	5		7																																									
25	2	2		16																																									
25	3	11		5																																									
25	4	7		11																																									
25	5	16		2																																									
25	6	102		15																																									
25	7	122																																											
25	8	49																																											
25	9	159																																											
25	10	150																																											
25	21	193																																											
25	22	213																																											
25	23	243																																											
26	1	7																																											
26	2	16																																											
26	3	5																																											
26	4	11																																											
26	5	2																																											
26	6	15																																											
26	8	49																																											
27	1	7		8																																									
27	2	16		15																																									
27	3	5		8																																									
27	4	15		11																																									
27	5	6		2																																									
27	6	15																																											
27	8	6		49																																									
28	1	8		8																																									
28	2	15		15																																									
28	3	8		8																																									
28	4	15		15																																									
28	5	6		6		6																																							
28	6	15		15																																									
28	8	6		6		6																																							
29	1	8		8																																									
29	2	15		15																																									
29	3	8		8																																									
29	4	15		15																																									
29	5	6		6																																									
29	6	15		15																																									
29	8	6		6																																									
30	0	13		13		13		12		9																																			
31	0	13		12		12		9																																					
32	0	13		10		10		9																																					
33	0	10		10		9		9																																					
34	0	13		13		13																																							
35	0	13		13		13																																							
36	0	13		13		9																																							
37	0	13		9		9																																							
38	0	9		9																																									
39	0	12		12		9																																							
40	0	12		12		9																																							
41	0	12		9																																									
42	0	12																																											
43	0	12		9		9		9		9																																			
44	0	12		9																																									
45	0	13		13		12																																							
46	0	13		13		10		9																																					
47	0	10		9																																									
48	1	5		5		9		9																																					
48	2	2		2		9		9																																					
48	3	11		11		9		9																																					
48	4	7		7		9		9																																					
48	5	16		16		16		9		9																																			
48	6	102		102																																									
48	7	122																																											
48	8	49																																											
48	9	159																																											
49	1	5																																											
49	2	2																																											
49	3	11																																											
49	4	7																																											
49	5	16																																											
49	6	102		102																																									
49	7	122																																											
49	8	49																																											
49	9	159																																											
50	0	8		15		6		23		23		23																																	
51	0	21		21																																									
52	0	21		21																																									
53	0	21		21		21																																							
54	0	21		21																																									
55	0	21		23																																									
56	0	23		23																																									
57	0	23		23																																									
58	0	23		21																																									
59	0	21																																											
60	0	22		30																																									
61	0	22		30																																									
62	0	22		22		30																																							
63	0	22		22		22		30																																					
64	0	22		22		30		30																																					
65	0	22		30																																									
66	0	22		30		25		25		25		27		27																															
67	0	35																																											
67	1	25		25		25																																							
67	2	27		27		27		27																																					
68	0	35		35																																									
68	1	25		30		22																																							
68	2	27		27		30		22																																					
69	0	35																																											
69	1	25		25		25		25		30		22																																	
69	2	27		27		30		22																																					
70	0	100		101																																									
70	1	25																																											
70	2	27																																											
71	0	100		101																																									
71	1	100																																											
71	2	101																																											
72	0	100		101		153		151										153		151																									
72	1	100																																											
73	0	100		101																																									
73	1	100																																											
74	0	102		108																																									
75	0	108		104		103																																							
76	0	108		104		103																																							
77	0	104		103		158																																							
78	0	104		103																																									
79	0	104		103																																									
81	0	156		139																																									
82	0	156		139																																									
83	0	156		139																																									
84	0	156		139																																									
85	0	139		156																																									
86	0	139		156																																									
87	0	139		156																																									
88	0	139		156																																									
89	0	139		156																																									
91	0	215		217		216		214																																					
92	0	215		217		216		214																																					
93	0	215		217		216		214																																					
94	0	215		217		216		214																																					

 -- by 每天涨停@梦江南 $ Jx3UnPack-PAKV3 jx3.mail@gmail.com