ID	Name	Achievements
0		
1	阅历	706|1|2|3|4|5|6|7|1877|3434|4927
2	经历	579|705|104|8|9|10|2335
3	战斗	165|166|167|168|707|3432|3433
4	交流	11|12|13|709|710|708|4453
5	朋友	26|27|28|29|30|31|32|33|676|675|674|673|672|4492|4491|4493|4456
6	师徒	1095|1094|1103|1232
7	金钱	371|372|373|890|891
8	包裹	711|14|15|16|17|18|19|20|21|2334|22|23|24
9	称号	713|712|151|152
10	科举	1289|1290|1291|1292|1295|1296|1270|1271|1297
11	易容	2596|153|2600|2854|4656
12	亲传	2691|2692|2697|2698
13	换装	5193|2767|2768|2916|2917|2918|2919|2920|2921|2922|2923|2924|2925|2930|2935|2940|2945|2950|2981|3757|3758|3759|3760|3761|3762|4032|4047|4264|4446
14	跟宠	3186|3187|3188|3189|3190|3191|3192|3193|3194|3195|3797|3798|3799|3800|3801|3802|3923|3924|3925|3926|4048|4049|4050|4051|4052|4220|4221|4222|4223|4224|4225|4226|4227|4228|4229|4230|4231|4232|4233|4234|4235|4236|4458|4459|4460|4461|4462|4576|4577|4578|4579|4580|4614|4615|4616|4617|4618|4619|4620|4976|4977|4978|4979|4980|4981|4982|5337|5338|5339|5437|5438|5439|5440|5653|5654|5655|5656|5814|5815|5816
15	外观收集	4237|4238|4242|4244|4248|4252|4256|4260
16	天策招式	36|37|38|39|40|41|42
17	万花招式	43|44|46|47|48|3830
18	七秀招式	49|50|51|53|54|3833
19	少林招式	55|56|3827|3828|3829|5808
20	纯阳招式	62|63|65|66|67|3831|3832
21	藏剑招式	1359|1360|1362|3836|3837|3838
22	轻功学习	704|73|74|671|670|669|668|667|701|702
23	轻功试炼	1345|3436|3437|1896|2005|3438|3439|1816|1831|3440|3441|1860|1853|382|75|76|77|78|79|80|81|82|83|84|85|86|87|88|89|2707|3303|3839|4301|4962|4963|4964|4965|4966|5593|5636
24	秘笈获取	719
25	五毒招式	1743|1745|1746|1747|1748|3834
26	唐门招式	2709|2711|2712|2713|2714|3835
27	明教招式	3285|3286|3287|3288|3289|3290
28	丐帮招式	3442|3443|3444|3445|3446|3447
29	苍云招式	4303|4304|4305|4306|4307|4308
30	长歌招式	4651|4652|4653|4654|5127|5128
31	霸刀招式	5474|5475|5476|5477|5478|5479
32	气海丹田	99|100|101|102|103
33	修炼周天	
34	打通奇穴	
35	传功助人	128
36	装备品质	131|3448|3449|132|35|3450|3451|90|374|2902|2903|2904|2905|2906|2907|4309|4967|4968|4969
37	门派装备	133|135|137|139|1366|1898|3316|3452|4310|4983|5480|141|2759
38	浩气盟装备	
39	恶人谷装备	
40	五行石	1305|1312|1314|1316|1317|1508|1509|1514|1515
41	挂件收集	1903|1904|1905|1906|1907|1908|730|731|732|733|1561
42	五彩石	2910|2911
44	技艺神农	218|226|234|247|248|249|250|251|734|2273|2274|2275|2276|5113|5114|5115
45	技艺采金	219|227|235|242|243|244|245|246|735|263|2278|2279|5116|5117|5118
46	技艺庖丁	220|228|236|252|253|254|255|256|257|2277|751|5119|5120
47	技艺医术	221|229|237|736|258|259|260|261|262|264|753|265|266|1146|1147|5121
48	技艺铸造	2356|2355|222|230|238|737|739|276|277|278|279|280|754|5122|2280
49	技艺缝纫	223|231|239|741|738|755|2296|5123|2297
50	技艺烹饪	224|232|240|743|744|745|267|268|269|270|271|272|273|274|275|1144|1145|5124
51	江湖美味	746|747|748|749|300|2325|2326|2327|2328|2329|2330|2331|2332
52	饥不择食	307|308|309|310|311
53	有难同当	313|314|315|316|317
54	使用物品	323|325|320|321|1213|1138|1139|1140|1141|2350|2351|2352|2353|5186
55	技艺驯马	3152|3165|3166|3180|3181|3182|3183|3257|4187|3156|3170
57	技艺寻宝	2703|2704|3292|3293|4283|4284|4285|4293|4288
58	江湖身份	5375|5376|5379|5380|5381|5385|5386|5387|5388|5389|5390|5391|5392|5394|5395|5396|5397|5398|5399|5651|5652|5666|5673|5674|5675|5676|5677|5678|5679|5377|5378|5393|5384|5383|5382|5436|5650|5660|5667
60	杂集	326|327|329|330|331|333|336|337|338|339|340|343|344|345|347|349|352|353|357|358|360|363|365|5190|5191|5192
61	道集	350|362|359|354|351|342
62	佛学	361|364|356|355|348|346|341|335|334|332|328
63	杂集套书	2071|2080|2089|2098|2107|2116|2125|2133|2141|2148|2154|2161|2166|2172|2181|2190|2199|2206|2211|2216|2221|2226|2232|2237|2242|2247|2252|2257|2262|2267|4188
64	任务基础	756
65	日常任务	758
66	协助任务	566
67	阵营任务	563
68	稻香村任务	375|677|678|679
69	长安任务	383|408|762|763|764
70	洛阳任务	786|761|772|788|787
71	扬州任务	384|409|765|766|767
72	少林任务	376|682|410|681|400
73	纯阳任务	377|401|411|412|413
74	万花任务	378|402|414|415|416
75	七秀任务	379|403|417|418|419
76	天策任务	380|404|421|420|422
77	藏剑任务	1337|1352|1353|1354|1355
78	五毒任务	1878|1889|1890|1891|1892|1876
79	洛道任务	386|423|768|769|770
80	寇岛任务	387|424|695|693|694
81	枫华谷任务	388|427|691|690|692
82	金水镇任务	389|425|426|689|688
83	龙门荒漠任务	390|771|428|429|430
84	巴陵县任务	393|785|863|922
85	昆仑山任务	391|431|685
86	南屏山任务	392|432|433|684|683
87	浩气盟任务	781|405|782|783|784
88	恶人谷任务	406|923|924|925|926
89	瞿塘峡任务	789|435|790|791|792
90	成都任务	1807|1808|1809|1810|1811|1812|2354
91	融天岭任务	1817|1818|1819|1820|1821|1822
92	黑龙沼任务	1832|1833|1834|1835|1836|1837|1838
93	白龙口任务	1854|1855|1856|1857|1858
94	无量山任务	1861|1862|1863|1864|1865|1866|1867|1868
95	公共任务	2294|2295|1826|1827|1828|3824|394
96	唐门任务	2705|2754|2755|2756|2758
97	苍山洱海任务	3117|3118|3119|3122
98	明教任务	3294|3295|3296|3297|3298|3299|3300|3304
99	丐帮任务	3454|3455|3456|3457|3458|3459
100	劫后洛阳任务	3460|3461|3462|3463|3464|3465
101	劫后长安任务	3466|3467|3468|3469|3470|3471
102	劫后天策任务	3472|3473|3474|3475|3476|3477
103	劫后枫华谷任务	3478|3479|3480|3481|3482|3483
104	马嵬驿任务	3484|3485|3486|3487|3488|3489
105	长安城任务	3847|3848|3849|3850
106	苍云任务	4311|4312|4313|4314|4315|4316|4471|4475
107	太原任务	4317|4318|4319|4320
108	长歌任务	4985|4989|4988|4987|4986|4990
109	五台山任务	4991|4992|4993|4994|4995|4996
110	千岛湖任务	4997|4998|4999|5000|5001|5002|5184
111	黑戈壁任务	5003|5004|5005|5006|5007|5008|5185
112	阴山大草原任务	5009|5010|5011|5012|5013|5014
113	霸刀任务	5481|5482|5483|5484|5485|5486
114	洛阳城任务	5629|5630|5631|5632|5633
115	行走江湖	3490|2655|1875|3491|3492|1894|1917|3493|3494|1918|1814|3495|1852|1338|575|437|438|439|577|578|441|442|443|445|446|447|448|449|450|451|452|453|3116|3302|3851|3904|4323|4324|4957|4958|4959|4960|4961|5487|5634
116	行侠仗义	3496|3497|3498|1874|1859|3499|3500|1825|1813|3501|1893|459|461|462|463|464|465|466|467|468|469|1280|1281|1283|2760|3123|3301|3852|4325|5015|5017|5018|5019|5165|5166|5167|5168|5488|5637|4583|1356|458|456|457|460|5016|5833|5834|5835|5836
117	江湖风云	3502|470|473|476|4584
118	江湖知己	1895|1815|3517|486|487|488|489|490|2706|3184|3305|4327|4333|5032|5473|481|482|483|484|485|480|479|1869|3508|3512|1339|3855|3858|4328|5021|5027|5594
119	江湖奇遇	3528|3538|3539|3862|3863|3864|3865|3866|3867|3868|3869|3870|3871|3872|4468|4469|4470|4472|4473|4474|4487|4497|4605|4606|4607|4608|4609|4610|4611|4612|4613|5176|5177|5178|5179|5187|5194|5195|5196|5197|5198|5199|5200|5328|5329|5330|5340|5441|5442|5443|5445|5446|5447|5448|5657|5658|5659|5690|5691|5811|5812|5813|3518|3523|3529|3536|3873
120	切磋比武	181
121	洛阳擂台	170|580|173|176|179|180
122	扬州擂台	796|803
123	神农洇	203|207|5696|5697|5698|5699|5700|5701|5702
124	三国古战场	212|215|136|3049|3046|3047|144
125	云湖天池	185|186|187|189|190|191|194
126	九宫棋谷	1220|1223|1225|1226|1227|1228|1229|1230
127	丝绸之路	1498|1502|1503|2474|2475|2476|2477|2478|2479|2480|2481|2483
128	名剑大会	2762|2764|2765|2766
129	雪原争锋	3262|3265|3266|3267|3268|3269|3270|3272|3271
130	屠戮江湖	3428|3429|3430|3431
131	群雄逐鹿	3891|3892|3893
132	逐鹿中原	4181|4182|4183|4184|4185|4186
133	浮香丘	4211|4213|4215|4216|4217
134	城市声望	503|504|505
135	门派声望	1346|3541|1881|506|507|508|509|510|2708|3306|4334|5033|5489
136	势力声望	3542|1882|1883|3543|3544|1884|1885|3545|3546|1886|1887|3547|3548|1879|3549|1880|514|819|820|821|822|823|2396|3120|3185|3894|3895|3896|3897|3927|3928|4045|4053|4054|4055|4198|4199|4335|4336|4337|4338|4339|4340|4341|4342|4646|5034|5035|5036|5037|5038|5039|5040|5041|5042|5043|5044|5110|5111|5112|5336|5444|5490|5491|5492|5493|5817|5818|5819
137	阵营声望	511|512
138	秘境总览	5092|5100|5108|5086|5085|5087|5094|5093|5091|5089|5088|5090|5096|5098|5097|5099|5102|5101|5095|5103|5104|5106|5105|5107
139	秘境任务	1269|540|541|825|826|827|828|830|938|939|940|941|2473|2775|2855|3610|4385|4888|5045|5227|5530
140	风起稻香・五人秘境	647|539|538|537|536|535|528|527|526|525|524|523|522|521|1425|1347|824|533|534|532
141	风起稻香・团队秘境	1453|1452|1448|1444|1440|1436|1407|1406|1550|1540|1272|529
142	风起稻香・五人传说	1169|1168|1167|1163|1134|1133|1132|1131|1129|1128|1127|1126|835|834|833|832|542
143	风起稻香・团队传说	1560|1555|1545|1450|1449|1446|1445|1442|1441|1438|1437|1409|1408|1405|1404
144	巴蜀风云・五人秘境	3229|2722|2740|3219|2736|2718|1988|1977|1966|1952|1940|1922|1802|1789|1778|1766|1741
145	巴蜀风云・团队秘境	3408|3071|3068|2681|2680|2533|2493|2389|2012|2019|2427|530|2492|2495|2428|2534|2536|2430|2429|2397|2390|2289|2299|2304|2018|3205|3199|3098|3077|3050|2974|2951|2856|2535|2526|2494|2485|2391|2382|2298|2310|2306|293|2290|2052|2049|2013|531|2300
146	巴蜀风云・五人传说	3238|3237|3236|3235|3234|3233|3228|3227|3225|3224|3223|2753|2752|2751|2750|2749|2748|2735|2734|2733|2732|2731|2730|2004|2003|2002|2001|2000|1994|1993|1986|1985|1984|1983|1982|1981|1976|1975|1974|1973|1972|1970|1965|1964|1963|1962|1961|1960|1959|1958|1957|1956|1951|1950|1949|1948|1947|1946|1945|1944|1939|1938|1937|1936|1935|1934|1933|1927|1926|1848|1847|1846|1845|1844|1843|1800|1799|1798|1797|1796|1795|1794|1793|1788|1787|1786|1785|1784|1783|1782|1777|1776|1775|1774|1773|1772|1771|1770|1765|1763|1762|1761|1760|1754|1753|1910|1909|2741|2723|2432|1995|2433|1928|1755
147	巴蜀风云・团队传说	3414|3413|3412|3411|3410|3409|3324|3284|3283|3282|3281|3280|3279|3278|3277|3276|3275|3256|3255|3254|3253|3252|3251|3248|3247|3246|3245|3244|3243|3242|3241|3218|3217|3216|3214|3213|3212|3209|3208|3207|3203|3202|3201|3179|3112|3111|3109|3108|3107|3106|3105|3104|3103|3102|3101|3094|3093|3092|3091|3090|3089|3088|3087|3086|3085|3084|3083|3082|3081|3080|3075|3073|3072|3070|3069|3064|3062|3061|3060|3059|3058|3057|3056|3055|3054|3053|2997|2996|2995|2994|2993|2992|2990|2989|2988|2987|2986|2985|2984|2983|2982|2973|2972|2971|2970|2969|2968|2966|2965|2964|2963|2962|2961|2960|2959|2958|2869|2868|2867|2866|2865|2864|2863|2862|2861|2860|2859|2779|2778|2777|2776|2688|2687|2686|2685|2684|2683|2565|2564|2563|2562|2561|2560|2559|2558|2557|2556|2555|2554|2552|2551|2550|2548|2547|2546|2545|2544|2543|2542|2525|2524|2523|2522|2521|2520|2519|2518|2517|2516|2515|2514|2511|2510|2509|2507|2506|2505|2504|2503|2502|2501|2423|2422|2421|2420|2419|2418|2417|2416|2415|2414|2413|2412|2410|2409|2408|2407|2406|2405|2404|2403|2402|2401|2400|2399|2398|2381|2380|2379|2378|2377|2376|2375|2374|2373|2372|2371|2370|2369|2368|2367|2366|2365|2364|2363|2362|2361|2360|2359|2324|2323|2322|2320|2319|2318|2316|2315|2314|2070|2069|2068|2066|2065|2064|2063|2062|2061|2060|2059|2058|2057|2056|2055|2047|2046|2045|2044|2043|2042|2041|2040|2039|2038|2037|2036|2034|2033|2032|2031|2030|2029|2028|2027|2026|2025|2024|2023|2022|1971|211|143|3076|3065|3113|2444|3210|3204|3110|3095|3063|2438|2434|2067|2425|2436|2471|1911|2435
148	安史之乱・五人秘境	3934|4060|4204|4347|4352|3566|3562|3558|3554|3550|3399|3394|3929|4056|4200|4343|4348|4632|4636
149	安史之乱・团队秘境	3955|3956|3957|3958|3959|3960|3961|3962|3963|3964|3965|3966|3967|3968|3969|3970|3971|3972|4083|4084|4085|4086|4087|4088|4089|4090|4091|4092|4093|4094|4095|4096|4097|4098|4099|4100|4371|4372|4373|4374|4375|4376|4377|4378|4379|4380|4381|4382|4383|4384|4521|4522|4523|4524|4525|4526|4527|4528|4529|4530|4531|4532|4533|4534|3603|3596|3589|3582|3576|3570|3935|3945|4061|4066|4072|4077|4353|4357|4362|4366|4503|4507|4512|4516
150	安史之乱・五人传说	3652|3651|3650|3649|3648|3647|3646|3645|3644|3643|3642|3641|3640|3639|3638|3637|3636|3635|3634|3633|3632|3631|3630|3629|3628|3627|3626|3625|3407|3406|3405|3404|3403|3398|3973|3974|3975|3976|3977|3978|4101|4102|4103|4104|4105|4205|4206|4207|4208|4209|4386|4387|4388|4389|4390|4391|4392|4393|4476|4622|4623|4624|4625|4626|4627|4628|4629|4630|4631
151	安史之乱・团队传说	3754|3753|3752|3751|3724|3723|3722|3721|3720|3719|3718|3717|3716|3715|3714|3713|3712|3711|3710|3709|3708|3707|3706|3705|3704|3703|3702|3701|3700|3699|3698|3697|3696|3695|3694|3693|3692|3691|3690|3689|3688|3687|3686|3685|3684|3683|3682|3681|3680|3679|3678|3677|3676|3675|3674|3673|3672|3671|3670|3669|3668|3667|3666|3665|3664|3663|3662|3661|3660|3659|3658|3657|3656|3655|3654|3653|3979|3980|3981|3982|3983|3984|3985|3986|3987|3988|3989|3990|3991|3992|3993|3994|3995|3996|3997|3998|3999|4000|4001|4002|4003|4004|4005|4006|4007|4008|4009|4010|4011|4012|4013|4014|4015|4016|4017|4019|4020|4106|4107|4108|4109|4110|4111|4112|4124|4125|4126|4127|4128|4134|4135|4136|4137|4138|4139|4140|4141|4142|4143|4144|4145|4146|4147|4148|4149|4150|4160|4161|4162|4163|4164|4165|4166|4168|4394|4395|4396|4397|4398|4399|4400|4401|4402|4403|4404|4405|4406|4407|4408|4409|4410|4411|4412|4413|4414|4415|4416|4417|4418|4419|4420|4421|4536|4537|4538|4539|4540|4541|4542|4543|4544|4545|4546|4547|4548|4549|4550|4551|4552|4553|4555|4556|4557|4558|4559|4560|4561|4562|4563|4113|4129|4151
152	剑胆琴心・五人秘境	4697|4698|4699|4700|4701|5364|5366|5612|5613|5749|5750|4660|4664|4668|4672|4676|4680|4684|4688|4692|4696|5362|5363|5603|5607|5611|5731|5732
153	剑胆琴心・五人传说	4702|4703|4704|4705|4706|4707|4708|4709|4710|4711|4712|4713|4714|4715|4716|4717|4718|4719|4720|4721|4722|4723|4724|4725|4726|4727|4728|4729|4730|4731|4732|4733|4734|4735|4736|4737|5345|5347|5349|5350|5351|5352|5353|5354|5355|5614|5615|5616|5617|5618|5619|5620|5621|5622|5764|5765|5766|5767|5768|5769|5770|5782|5783|5784|5785|5786|5787|5788|5789|5763|5781
154	剑胆琴心・团队秘境	4774|4775|4776|4777|4778|4779|4780|4781|4782|4783|4784|4785|4786|4787|4788|4789|4790|4791|4792|4793|4794|4795|4796|4797|4798|4799|4800|4801|4921|4922|4923|4924|5514|5515|5516|5517|5518|5519|5520|5521|5522|5523|5524|5525|5526|5527|5528|5529|5733|5734|5735|5736|5737|5738|5739|5740|5741|5742|5743|5744|5745|5746|5747|5748|4741|4745|4749|4753|4758|4763|4768|4773|5510|5511|5512|5513|5727|5728|5729|5730
155	剑胆琴心・团队传说	4802|4803|4804|4805|4806|4807|4808|4809|4810|4811|4812|4813|4814|4815|4816|4817|4818|4819|4820|4821|4822|4823|4824|4825|4826|4827|4828|4829|4830|4831|4832|4833|4834|4835|4836|4837|4838|4839|4840|4841|4842|4843|4844|4845|4846|4847|4848|4849|4850|4851|4852|4853|4854|4855|4856|4857|4858|4859|4860|4861|4862|4863|4864|4865|4866|4867|4868|4869|4870|4871|4872|4873|4874|4875|4876|4877|4878|4879|4880|4881|4882|4883|4884|4885|4886|4887|5537|5538|5539|5540|5541|5542|5543|5544|5545|5546|5547|5549|5550|5551|5552|5553|5554|5555|5556|5557|5558|5559|5560|5561|5562|5563|5564|5565|5566|5567|5568|5569|5570|5571|5572|5573|5574|5751|5752|5753|5754|5755|5756|5757|5758|5759|5760|5761|5762|5771|5772|5773|5774|5775|5776|5777|5778|5779|5780|5809|5821|5822|5823|5824|5825|5826|5053|5054|5536
156	帮会贡献	1699|1704|1705|1706|1707|543|544|545
157	帮会基础	1681|1693|836|837|838|2896|2897|2898|5169|5171|1682
158	帮会钓鱼	1583|1643|1669|1675|1588|1595|1603|1616
159	帮会菜园	1636|1637|1642|2623|1584|1638|1678|2624
160	帮会食堂	1646|1658|1650|1661|1649
161	阵营威望	840|841|549|550|551
162	阵营击杀	552|5172|5173|5174|5175
163	浩气盟首领	561|842|844|845|846|847
164	恶人谷首领	562|848|850|853|854|1093
165	战阶称号	1456|1459|1462|1465|1468|1471|1474|1477|1480|1483|1486|1489|1492|1495
166	食品突破	
167	锻造突破	
168	缝纫突破	
169	医术突破	
170	阅读突破	
171	元旦	2889|2890|2895|2891
172	春节	1571|1576|1243|1245|1252|1246|2899|2900|2901|3391|4037|4490|5275|5692|5693|5694|5695|1248|1254|1244
173	元宵节	4041|4042|4043|4044|5704|4038
174	花朝节	3416|3417|3418|5327
175	清明节	1736|1737|1738|1739|1740|1727
176	端午节	1381|1390|1391|1392|4581|4582|5344|5830|5831|5832|1369|1376|1386|2465
177	七夕	1394|1412|2588|2589|2591|2592|2593|2594|2595|4647
178	中秋节	1434|1435|598|599|600|596|595|601|1060|1061|1062|2629|2650|2651|2652|2653|2654|597|2605|2631|2644
179	冬至节	1539|1199|1200|1201|1202|1203|2887|2888|3389|4035|4486|5228|5686|1516|1171|1180|1186
180	重阳节	4296|4297|4298|4299
181	美人图	2656|2657|2659|2912|2661|3331|3784|4478|4956|5575
182	隐元追缉令	
183	茶馆任务	2816|2833|2834|2835|3779|3780|3781|3782|3783|5157|5158|5159|5160|5161|5162|5163|5164|2804|2810|2818|2836|2842|3763|3805
184	美人图潜入	2802|2803|2782|2794|2795|2796|2798|2799|2783
185	昆仑南屏之役	
186	游历瞿塘采仙草	496|492|164|163|162|161|158|157|156|148|3006
187	重归师门	147|138|140
188	苍山洱海赛马活动	
189	试炼之地	494|493|501|500|499|497|498|495|3143|3144|3145|3146|3147|3148|3149|3150|3151
190	门派事件	5233|5234|5239|5240|5245|5246|5251|5252|5257|5258|5287|5292|5293|5311|5312|5317|5318|5323|5324|5684|5685|5201|5214|5226|5232|5238|5241|5247|5253|5259|5263|5270|5278|5282|5288|5307|5313|5319|5680
191	阵营押镖	
192	寻龙勘脉窥天机	4640|4642
193	阴山大草原事件	5129|5130|5131|5132|5133|5134|5135|5136|5137|5138|5155|5156
194	千岛湖事件	5139|5140|5141|5142|5143
195	五台山事件	5144|5145|5146|5147|5148
196	黑戈壁事件	5149|5150|5151|5152|5153|5154
197	洛阳・神兵迷踪	5331|5332|5333|5334|5335
198	梦回稻香	5449|5450|5451|5452|5453|5454|5455|5456|5457|5458|5459|5460|5461|5462|5463|5464|5465|5466|5467|5468|5469|5470
199	洛阳城事件	5638|5639|5640|5641|5642
200	第一幕	3008
201	第二幕	3024|3025|3026|3027|3028|3029|3030|3031|3321|3725|4422|5046|5580
202	第三幕	3009|3010|3023
203	第四幕	3011
204	第五幕	3012
205	第六幕	3013
206	第七幕	3014
207	第八幕	3015|3726|3034|3035|3036|3037|3038|3039|3040|3322|4423|5047|5581
208	第九幕	3032
209	第十幕	3033
210	第十一幕	3041|3042
211	第十二幕	3016|3043
212	第十三幕	3017
213	第十四幕	3018
214	第十五幕	3019
215	第十六幕	3020
216	第十七幕	3021
217	第十八幕	3044
218	第十九幕	3022
219	第二十幕	3323
220	第二十一幕	3727
221	第二十二幕	3728
222	第二十三幕	3729
223	第二十四幕	3730
224	第二十五幕	3731
225	第二十六幕	3898
226	第二十七幕	4424|4425|4426|4427|4428|4429|4430|4621
227	第二十八幕	5048
228	第二十九幕	5049
229	第三十幕	5050
230	第三十一幕	5051
231	第三十二幕	5635
232	阅历	4940|4941|4942|4943|4944|4945|4946|4947|4948|4949|4950|4951
233	金钱	864|870|871|873|872
234	师徒	1105|1104|1106
235	气海丹田	634
236	打通奇穴	
237	技艺基础	889
240	任务基础	898|225|2852
241	行走江湖	867
242	行侠仗义	897
243	切磋比武	899
244	洛阳擂台	868|900
245	扬州擂台	902|901
246	云湖天池	906|905
247	神农洇	908|907
248	门派声望	696|3732|623|624|625|626|627|2464|2761|3307|4431|5052|5582
249	城市声望	632|631|630
250	势力声望	622|910|911|912|913|914
251	阵营声望	629|628
252	风起稻香・五人秘境	1433|1351|917|916|915|621|620|619|618|617|616|615|614|611|610|609|608|607|606|605|604|603
253	风起稻香・团队秘境	1559|1558|1557|1556|1546|1454|1451|1447|1443|1439|1410|1403|1288|1287|1286|1285|1284|1279|919|918|612
254	巴蜀风云・五人秘境	3309|3308|2717|2716|1992|1916|1915|1914|1913|1912|1849|1806|1805|1804|1803
255	巴蜀风云・团队秘境	3415|3315|3314|3313|3312|3311|3310|3115|3114|3097|3096|3074|3066|3004|3003|3002|3001|3000|2999|2998|2871|2870|2690|2689|2587|2586|2585|2583|2582|2581|2580|2579|2578|2577|2576|2575|2574|2572|2571|2570|2569|2568|2567|2566|2463|2462|2461|2459|2458|2457|2456|2455|2454|2453|2452|2451|2450|2449|2448|2447|2446|2424|2048|2020
256	安史之乱・五人秘境	3737|3736|3735|3734|3733|3393|3392|4021|4169|4210|4432|4433|4643|4644
257	安史之乱・团队秘境	3750|3749|3748|3747|3746|3745|3744|3743|3742|3741|3740|3739|3738|4022|4023|4024|4025|4026|4027|4028|4029|4030|4031|4170|4171|4172|4173|4174|4175|4176|4177|4178|4179|4180|4434|4435|4436|4437|4438|4439|4440|4441|4442|4566|4567|4568|4569|4570|4571|4572|4573|4574
258	剑胆琴心・五人秘境	4889|4890|4891|4892|4893|4894|4895|4896|4897|4898|5365|5367|5623|5624|5625|5790|5791
259	剑胆琴心・团队秘境	4899|4900|4901|4902|4903|4904|4905|4906|4907|4908|4909|4910|4911|4912|4913|4914|4915|4916|4925|4926|5583|5584|5585|5586|5587|5588|5589|5590|5591|5592|5792|5793|5794|5795|5796|5797|5798|5799|5800|5801
260	装备品质	885|886|887|888
261	阵营击杀	633|866|869
262	浩气盟首领	920
263	恶人谷首领	921
264	食品突破	
265	锻造突破	
266	缝纫突破	
267	医术突破	
268	阅读突破	
269	名士五十强	1088
270	老江湖五十强	1089
271	兵甲藏家五十强	1090
272	名师五十强	1164
273	阵营英雄五十强	1212
274	薪火相传五十强	3005
275	神兵宝甲五十强	1086
276	爱心帮会五十强	1217
277	阵营英雄五十强	
278	神兵宝甲五十强	1211
279	爱心帮会五十强	1210
280	阵营英雄五十强	
282	名剑大会2对2排名	2848
283	名剑大会3对3排名	2849
284	名剑大会5对5排名	2850
285	少林	3124
286	万花	3125
287	天策	3126
288	纯阳	3127
289	七秀	3128
290	五毒	3129
291	唐门	3130
292	藏剑	3131
293	明教	3327
294	丐帮	3803
295	苍云	4447
296	长歌	4972
297	霸刀	5626
298	少林	3902
299	万花	3903
300	天策	3905
301	纯阳	3906
302	七秀	3907
303	五毒	3908
304	唐门	3909
305	藏剑	3910
306	丐帮	3911
307	明教	3912
308	苍云	4448
309	长歌	4973
310	霸刀	5627
311	少林	3913
312	万花	3914
313	天策	3915
314	纯阳	3916
315	七秀	3917
316	五毒	3918
317	唐门	3919
318	藏剑	3920
319	丐帮	3921
320	明教	3922
321	苍云	4449
322	长歌	4974
323	霸刀	5628
324	艺人	5371
325	镖师	5372
326	绿林	5373
327	驭兽师	5374
328	方士	5471
329	大师赛排行榜	5820

 -- by 每天涨停@梦江南 $ Jx3UnPack-PAKV3 jx3.mail@gmail.com