Index	Name	NameFrame	Level	Quality	Class	Star	Type	Source	BgPath	OutputDes	Desc	Show	OnlyHaveShow	LimitTime	ModelID	ColorChannelTable	ColorChannel	ModelScale	IconID	X	Y	Z	LookAtX	LookAtY	LookAtZ	CoinShopScale	CoinShopPosY	IdentityYS	YSDes
0	默认名称	0	0	0	0	0						1	0	0	0	0	0	1	0	0	80	-300	0	100	150	1	-1	0	
1	青蟹	50	2	3	1	3	1	5	ui\Image\Pets\kp_青蟹.tga	<text>text="获取线索：蟹群。" font=168</text>	<text>text="它奋力挥舞双螯，似乎想与你较量一番" font=27</text>	1		0	29666			0.4	6109	0	80	-300	0	100	150	0.4			
2	蟹兵	71	4	3	1	3	1	5	ui\Image\Pets\kp_蟹兵.tga	<text>text="获取线索：东海一岛上，沙滩玩耍的是哪家小孩？" font=168</text>	<text>text="蟹壳上刻着一个大大的“兵”字\\\n小兵过河，势能吞象" font=27</text>	1		0	29667			0.4	6110	0	80	-300	0	100	150	0.4			
3	蟹卒	79	4	3	1	3	1	5	ui\Image\Pets\kp_蟹卒.tga	<text>text="获取线索：小孩子在扬州河边，怎么没人看护？" font=168</text>	<text>text="蟹壳上刻着一个大大的“卒”字\\\n良卒先行，能进难退" font=27</text>	1		0	29668			0.4	6111	0	80	-300	0	100	150	0.4			
4	呆龟	22	2	2	1	2	1	5	ui\Image\Pets\kp_呆龟.tga	<text>text="获取线索：一窝龟蛋，孵出呆呆一小龟。" font=168</text>	<text>text="它把头缩在龟壳中，一动不动" font=27</text>	1		0	29669			0.4	231	0	80	-300	0	100	150	0.4			
5	憨龟	28	3	2	1	2	1	5	ui\Image\Pets\kp_憨龟.tga	<text>text="获取线索：一窝龟蛋，孵出憨憨一小龟。" font=168</text>	<text>text="它慢吞吞跟在后面，时不时探出头来" font=27</text>	1		0	29670			0.4	231	0	80	-300	0	100	150	0.4			
6	丞相	18	5	3	1	3	1	5	ui\Image\Pets\kp_丞相.tga	<text>text="获取线索：一窝龟蛋，孵出几个丞相？" font=168</text>	<text>text="长寿之灵，慧通人言" font=27</text>	1		0	29671			0.4	231	0	80	-300	0	100	150	0.4			
7	大头鹅	21	3	2	2	2	3	5	ui\Image\Pets\kp_大头鹅.tga	<text>text="获取线索：长安安乐时，鹅小子爱鹅不挨饿。" font=168</text>	<text>text="它走的摇摇摆摆，对你的命令充耳不闻" font=27</text>	1		0	29673			1	3558	0	80	-300	0	100	150	1			
8	白鹅	13	4	3	2	2	3	5	ui\Image\Pets\kp_白鹅.tga	<text>text="获取线索：小贼哪里走！油菜花丛中！" font=168</text>	<text>text="白毛浮绿水，红掌拨清波" font=27</text>	1		0	29673			1	3558	0	80	-300	0	100	150	1			
9	灰狐	31	6	4	3	5	2	5	ui\Image\Pets\kp_灰狐.tga	<text>text="获取线索：厉害的狐狸。" font=168</text>	<text>text="毛绒绒的小狐狸，让人忍不住想摸一摸" font=27</text>	1		0	29674			0.5	3566	0	80	-300	0	100	150	0.5		1	三级驭兽宠物
10	鸡小蒙	38	3	3	2	3	3	7	ui\Image\Pets\kp_鸡小蒙.tga	<text>text="获取线索：无量宫中，此蛋也是一宝。" font=168</text>	<text>text="它用湿润润的小黑眼珠盯着你" font=27</text>	1		0	29675			1.5	3563	0	80	-300	0	100	150	1.5			
11	吉祥虎	39	6	4	3	5	2	6	ui\Image\Pets\kp_吉祥虎.tga	<text>text="获取线索：积分回馈。" font=168</text>	<text>text="众宠起始，祥瑞之降，吉祥小虎，山林之王。" font=27</text>	1		0	5919			0.5	3562	0	80	-300	0	100	150	0.5			
12	兔瑞瑞・白	57	6	4	3	4	2	6	ui\Image\Pets\kp_兔瑞瑞白.tga	<text>text="获取线索：积分回馈。" font=168</text>	<text>text="粉白白的兔瑞瑞爱萝卜" font=27</text>	1		0	21796			1.1	6107	0	80	-300	0	100	150	1.1			
13	兔瑞瑞・灰	58	6	4	3	4	2	6	ui\Image\Pets\kp_兔瑞瑞灰.tga	<text>text="获取线索：积分回馈。" font=168</text>	<text>text="灰蒙蒙的兔瑞瑞也爱吃萝卜" font=27</text>	1		0	22123	0	2	1.1	6105	0	80	-300	0	100	150	1.1			
14	兔祥祥・白	59	6	4	3	4	2	6	ui\Image\Pets\kp_兔祥祥白.tga	<text>text="获取线索：积分回馈。" font=168</text>	<text>text="粉白白的兔祥祥吃菜菜" font=27</text>	1		0	21795			1.1	6108	0	80	-300	0	100	150	1.1			
15	兔祥祥・灰	60	6	4	3	4	2	6	ui\Image\Pets\kp_兔祥祥灰.tga	<text>text="获取线索：积分回馈。" font=168</text>	<text>text="灰蒙蒙的兔祥祥讨厌吃菜菜" font=27</text>	1		0	22122	0	2	1.1	6106	0	80	-300	0	100	150	1.1			
16	兔轶轶・灰	62	3	2	3	3	2	9	ui\Image\Pets\kp_兔轶轶灰.tga	<text>text="获取线索：辛卯年春节活动。" font=168</text>	<text>text="灰蒙蒙的兔轶轶既爱萝卜又吃菜菜" font=27</text>	1		0	22045	0	2	1.1	3560	0	80	-300	0	100	150	1.1			
17	兔轶轶・白	61	3	2	3	3	2	9	ui\Image\Pets\kp_兔轶轶白.tga	<text>text="获取线索：辛卯年春节活动。" font=168</text>	<text>text="粉白白的兔轶轶表示什么都吃" font=27</text>	1		0	21797			1.1	3559	0	80	-300	0	100	150	1.1			
18	祥兔阿甘	63	6	4	4	4	4	6	ui\Image\Pets\kp_瑞兔阿甘.tga	<text>text="获取线索：积分回馈。" font=168</text>	<text>text="咔。。咔。。“祥兔阿甘”很活泼，一刻都不想停下来。" font=27</text>	1		0	22128			0.6	2286	0	80	-300	0	100	150	0.6			
19	瑞兔阿甘	54	6	4	4	5	4	6	ui\Image\Pets\kp_祥兔阿甘.tga	<text>text="获取线索：积分回馈。" font=168</text>	<text>text="咔。。咔。。“瑞兔阿甘”很聪明，就是没有“祥兔阿甘”勤快，懒洋洋的。" font=27</text><text>text="\\\n具有【行囊机关】，开启机关后可找其换购趣味道具。" font=18</text>	1		0	22049			0.6	2286	0	80	-300	0	100	150	0.6			
20	比翼	15	4	3	2	4	3	6	ui\Image\Pets\kp_比翼.tga	<text>text="获取线索：积分回馈。" font=168</text>	<text>text="两只比翼小鸟，环绕在你的周围" font=27</text><text>text="\\\n" font=18</text><text>text="双飞比翼，心有灵犀。在天愿作比翼鸟 在地愿为连理枝。" font=27</text>	1		0	25113			0.7	3564	0	150	-300	0	170	150	0.7			
21	阿宝	10	6	4	3	4	2	6	ui\Image\Pets\kp_熊猫阿宝.tga	<text>text="获取线索：积分回馈。" font=168</text>	<text>text="滚来滚去滚来滚去的圆滚滚的熊猫阿宝。养肥了就变超级强力熊猫人，不过切忌今天俯卧，明天撑哦。" font=27</text>	1		0	26410			0.4	3565	0	80	-300	0	100	150	0.4			
22	孔明灯・碧	43	4	3	4	4	4	6	ui\Image\Pets\kp_孔明灯碧.tga	<text>text="获取线索：积分回馈。" font=168</text>	<text>text="绿色的孔明灯随身飞舞，寄托思念，忆起往事。江湖路依然，诚挚祈福侠者一路平安。" font=27</text>	1		0	38270			0.4	6102	0	80	-300	0	100	150	0.4			
23	孔明灯・苍	44	4	3	4	4	4	6	ui\Image\Pets\kp_孔明灯苍.tga	<text>text="获取线索：积分回馈。" font=168</text>	<text>text="蓝色的孔明灯随身飞舞，寄托思念，忆起往事。江湖路依然，诚挚祈福侠者万事如意。" font=27</text>	1		0	29897			0.4	6103	0	80	-300	0	100	150	0.4			
24	孔明灯・朱	45	4	3	4	4	4	6	ui\Image\Pets\kp_孔明灯朱.tga	<text>text="获取线索：积分回馈。" font=168</text>	<text>text="红色的孔明灯随身飞舞，寄托思念，忆起往事。江湖路依然，诚挚祈福侠者吉祥如意。" font=27</text>	1		0	29896			0.4	6101	0	80	-300	0	100	150	0.4			
25	执子之手	83	6	4	4	5	4	6	ui\Image\Pets\kp_执子之手.tga	<text>text="获取线索：积分回馈。" font=168</text>	<text>text="死生契阔，与子成说。执子之手，与子偕老。" font=27</text>	1		0	29898			0.4	6104	0	80	-300	0	100	150	0.4			
26	御灯龙・吉	82	6	4	4	5	4	6	ui\Image\Pets\kp_御灯龙吉.tga	<text>text="获取线索：积分回馈。" font=168</text>	<text>text="灯，等灯等灯～金龙赐吉，吉祥安康。" font=27</text><text>text="\\\n具有【行囊机关】，开启机关后可找其换购趣味道具。" font=18</text>	1	0	0	26687			1.3	3323	0	80	-300	0	100	150	1.3			
27	御灯龙・福	81	6	4	4	5	4	6	ui\Image\Pets\kp_御灯龙福.tga	<text>text="获取线索：积分回馈。" font=168</text>	<text>text="灯，等灯等灯。祥龙送福，万事如意。" font=27</text>	1	0	0	26687			1.3	3323	0	80	-300	0	100	150	1.3			
28	灯龙宝宝	24	5	3	4	5	4	6	ui\Image\Pets\kp_灯龙宝宝.tga	<text>text="获取线索：积分回馈。" font=168</text>	<text>text="御龙行千里，华灯照万家。" font=27</text>	1	0	0	26681			1.3	3324	0	80	-300	0	100	150	1.3			
29	机关猪毒箭	34	6	4	4	4	4	8	ui\Image\Pets\kp_机关猪毒箭.tga	<text>text="获取线索：限唐门弟子，唐家堡。" font=168</text>	<text>text="唐门秘制机关猪,会卖子弹会卖萌。" font=27</text>	1		0	25835			1.3	8357	0	80	-300	0	100	150	1.3			
30	机关猪短刀	35	6	4	4	4	4	8	ui\Image\Pets\kp_机关猪短刀.tga	<text>text="获取线索：限唐门弟子，唐家堡。" font=168</text>	<text>text="唐门秘制机关猪,会卖子弹会卖萌。" font=27</text>	1		0	26073			1.3	8356	0	80	-300	0	100	150	1.3			
31	机关猪飞镖	36	6	4	4	4	4	8	ui\Image\Pets\kp_机关猪飞镖.tga	<text>text="获取线索：限唐门弟子，唐家堡。" font=168</text>	<text>text="唐门秘制机关猪,会卖子弹会卖萌。" font=27</text>	1		0	26075			1.3	8355	0	80	-300	0	100	150	1.3			
32	机关猪竹简	37	6	4	4	4	4	8	ui\Image\Pets\kp_机关猪竹简.tga	<text>text="获取线索：限唐门弟子，唐家堡。" font=168</text>	<text>text="唐门秘制机关猪,会卖子弹会卖萌。" font=27</text>	1		0	26074			1.3	8354	0	80	-300	0	100	150	1.3			
33	旺财		5	3	3	4	2		ui\Image\Pets\kp_旺财.tga	<text>text="获取线索：未知" font=168</text>	<text>text="旺财旺财，汪汪叫的旺财。" font=27</text>	0		0	26555			1	272	0	80	-300	0	100	150	1			
34	喵喵	47	5	4	3	4	2	10;11;	ui\Image\Pets\kp_喵喵.tga	<text>text="获取线索：多种运营活动。" font=168</text>	<text>text="“喵……喵……我是喵喵叫的‘喵喵’。天大地大，喵喵陪伴主人满月后要去浪迹天涯！就是这样喵！”" font=163</text><text>text="\\\n【限时类跟宠】" font=18</text>	1		1	30209			0.3	3872	0	80	-300	0	100	150	0.3			
35	球球	52	6	4	3	4	2	8	ui\Image\Pets\kp_球球.tga	<text>text="获取线索：限明教弟子，明教总坛。" font=168</text>	<text>text="“当我团成一团的时候，你就知道我叫什么名字了……”" font=163</text>	1		0	30206			0.3	3871	0	80	-300	0	100	150	0.3			
36	花花	30	6	4	3	4	2	8	ui\Image\Pets\kp_花花.tga	<text>text="获取线索：限明教弟子，明教总坛。" font=168</text>	<text>text="“叮当叮当……小铃铛会干扰我抓老鼠的，喵”" font=163</text>	1		0	30207			0.3	3874	0	80	-300	0	100	150	0.3			
37	桃桃	56	6	4	3	4	2	8	ui\Image\Pets\kp_桃桃.tga	<text>text="获取线索：限明教弟子，明教总坛。" font=168</text>	<text>text="“太阳落山之后，就是桃桃的江湖，喵”" font=163</text>	1		0	30208			0.3	3873	0	80	-300	0	100	150	0.3			
38	测试22222		6	4	3	5	2	5		<text>text="获取线索：白龙过山，小诺报一饭之恩。" font=168</text>	<text>text="测试" font=18</text>	0		0	32483			1	6097	0	80	-300	0	100	150	1			
39	测试333333		6	4	3	5	2	5		<text>text="获取线索：红衣显露真凶相，少女安危寄善良" font=168</text>	<text>text="吃饭，睡觉，打PP" font=18</text>	0		0	32482			1	6099	0	80	-300	0	100	150	1			
40	测试1111111		5	3	1	4	1	5		<text>text="获取线索：桃花村外醉老翁，美酒忽然不见！" font=168</text>	<text>text="酒客\\\n\\\n\\\n" font=18</text>	0		0	32481			1	3560	0	80	-300	0	100	150	1			
41	小白	64	6	4	1	5	1	6	ui\Image\Pets\kp_小白.tga	<text>text="获取线索：积分回馈" font=168</text>	<text>text="主人，小青怎么不见了？\\\n" font=65</text><text>text="具有【行囊机关】，开启机关后可找其换购趣味道具。" font=18</text>	1		0	33212			1	4232	0	80	-300	0	100	150	1			
42	小青	70	6	4	1	5	1	6	ui\Image\Pets\kp_小青.tga	<text>text="获取线索：积分回馈" font=168</text>	<text>text="主人，小白跑哪里去了？\\\n" font=65</text><text>text="具有【行囊机关】，开启机关后可找其换购趣味道具。" font=18</text>	1		0	33213			1	4233	0	80	-300	0	100	150	1			
43	清清	51	5	4	1	4	1	9	ui\Image\Pets\kp_清清.tga	<text>text="获取线索：癸巳蛇年春节活动。" font=168</text>	<text>text="清清是一条漂亮的小青蛇。\\\n“渔夫的鱼篓丢了？……不是我拿的……你再追问我我就拿鱼篓砸你了！”" font=163</text>	1		0	33215			1	4233	0	80	-300	0	100	150	1			
44	泊泊	16	5	4	1	4	1	9	ui\Image\Pets\kp_泊泊.tga	<text>text="获取线索：癸巳蛇年春节活动。" font=168</text>	<text>text="泊泊是一条有气质的小白蛇。\\\n“我以前去过好多地方，比如说西湖…还有…西湖…”" font=163</text>	1		0	33214			1	4232	0	80	-300	0	100	150	1			
45	不二	17	8	5	3	5	2	6	ui\Image\Pets\kp_不二.tga	<text>text="获取线索：积分回馈。" font=168</text>	<text>text="谢云流早年间在苍山洱海三绝峰顶仅凭一招一刀流之“居合”式击败南诏猛将独孤横。此猴在树丛中暗自习得半招拔刀术，自此执树枝足以抗巨兽，众猴引以为王。而其性日益狷狂，终因挑战巨蟒重伤，幸遇松石老者搭救方免一死。因感松石老者恩德慈爱，痊愈后也不离去，终日追随。老者见此猴灵性非常，便赠其“卷中剑”、“静气袍”，赐名“不二”。\\\n后有诗号云：\\\n小猴无心觅剑宗，\\\n也执细桠逐长虹，\\\n生来若懂不二法，\\\n何须妄念藐天公。" font=27</text>	1		0	35794			1.5	4876	0	80	-300	0	100	150	1.5			
46	蟹将	72	5	3	1	3	1	5	ui\Image\Pets\kp_蟹将.tga	<text>text="获取线索：枫华沙场，潜伏的身影是谁？" font=168</text>	<text>text="蟹壳上刻着一个大大的“将”字\\\n胜不妄喜，败不惶馁，胸有激雷而面如平湖者，可拜上将军。" font=65</text>	1		0	35796			0.4	6137	0	80	-300	0	100	150	0.4			
47	蟹帅	75	6	4	1	3	1	5	ui\Image\Pets\kp_蟹帅.tga	<text>text="获取线索：潜伏的黑影，又有了新的委托。" font=168</text>	<text>text="蟹壳上刻着一个大大的“帅”字\\\n“儒表法里，道本兵用”，为帅之道也。" font=65</text>	1		0	35797			0.4	6140	0	80	-300	0	100	150	0.4			
48	小灰	67	5	3	2	3	3	5	ui\Image\Pets\kp_小灰.tga	<text>text="获取线索：长安战乱后，鹅少年寻鹅鹅不得。" font=168</text>	<text>text="一只摇摇摆摆的小灰鹅。\\\n既然我是一只小灰鹅，那么我就要做一只快乐的小灰鹅！" font=65</text>	1		0	35798			1	4912	0	80	-300	0	100	150	1			
49	小锦	68	5	3	3	4	2	5	ui\Image\Pets\kp_小锦.tga	<text>text="获取线索：皇架仓皇过处，宫中之物落民间。" font=168</text>	<text>text="毛茸茸的一只锦毛小兔。\\\n“长这么大，还是第一次离开望咸宫！原来墙外边的草，也是可以吃的……”" font=65</text>	1		0	35799			1.1	3559	0	80	-300	0	100	150	1.1			
50	阿里	12	5	3	3	4	2	5	ui\Image\Pets\kp_阿里.tga	<text>text="获取线索：逃兵难，东都人心惶惶！" font=168</text>	<text>text="一只不能长大的小马驹。\\\n“如果我能长大，我就能载着主人在这个江湖上奔跑了……我那个时候能跑多快呢？”" font=65</text>	1		0	35801			0.48	1898	0	80	-300	0	100	150	0.48			
51	阿飞	11	6	4	3	4	2	5	ui\Image\Pets\kp_大飞.tga	<text>text="获取线索：血染天策，一步不退！" font=168</text>	<text>text="啊！阿飞！" font=65</text>	1		0	35802			1	4937	0	80	-300	0	100	150	1			
52	飞鸿	25	6	4	2	4	3	8	ui\Image\Pets\kp_飞鸿.tga	<text>text="获取线索：限丐帮弟子，君山总舵。" font=168</text>	<text>text="一只红翼的隼。" font=65</text><text>text="\\\n" font=18</text><text>text="无论你的旅行走到哪里，不管是江南还是大漠，抬头望去，飞鸿一定在云端盘旋。\\\n“一叶飞鸿，千里随行。”" font=65</text>	1		0	35803			3	4911	0	80	-600	0	100	-150	3			
53	白凤	14	6	4	2	4	3	8	ui\Image\Pets\kp_白凤.tga	<text>text="获取线索：限丐帮弟子，君山总舵。" font=168</text>	<text>text="一只白翼的隼。" font=65</text><text>text="\\\n" font=18</text><text>text="雪白的羽翼是白凤的标志，月光下白凤划过夜空的身影，是一种让人无法忘却的华丽。\\\n“素羽皓月，凤翼飞梭。”" font=65</text>	1		0	35804			2.7	4913	0	80	-600	0	100	-150	2.7			
54	紫翎	84	6	4	2	4	3	8	ui\Image\Pets\kp_紫翎.tga	<text>text="获取线索：限丐帮弟子，君山总舵。" font=168</text>	<text>text="一只紫翼的隼。" font=65</text><text>text="\\\n" font=18</text><text>text="迅捷的速度，近乎不能被人察觉……唯有那一抹紫翼的模糊身影，让你知道是你的隼从天空飞过。\\\n“无影无踪，迅极紫翎。”" font=65</text>	1		0	35805			2.7	4914	0	80	-600	0	100	-150	2.7			
55	赤箭	19	6	4	2	4	3	8	ui\Image\Pets\kp_赤箭.tga	<text>text="获取线索：限丐帮弟子，君山总舵。" font=168</text>	<text>text="一只红翼的隼。" font=65</text><text>text="\\\n" font=18</text><text>text="掠过天空的赤色飞翼，如箭如电！\\\n“赤羽掠空，迅箭无影！”" font=65</text>	1		0	35807			3	4915	0	80	-600	0	100	-150	3			
56	栖夜	49	6	4	2	4	3	8	ui\Image\Pets\kp_栖夜.tga	<text>text="获取线索：限丐帮弟子，君山总舵。" font=168</text>	<text>text="一只黑翼的隼。\\\n黑色的翅膀展开的时候，栖夜拥有着撕破天空的力量。\\\n“墨翼惊空，栖夜迅影。”" font=65</text>	1		0	35806			3	4917	0	80	-600	0	100	-150	3			
57	哈皮	27	6	4	3	4	2	5	ui\Image\Pets\kp_哈皮.tga	<text>text="获取线索：天府之地，小狗趴在草窝里。" font=168</text>	<text>text="一只爱犯迷糊的巴哥犬。\\\n巴哥犬是一种可爱的小犬。原产东北地区，当地人也称其为哈叭狗。\\\n“如果哈皮犯迷糊了，也是不可以打它的哦。”" font=65</text>	1		0	38415			1	4986	0	80	-300	0	100	150	1		1	二级驭兽宠物
58	小果	65	5	3	3	3	2	5	ui\Image\Pets\kp_小果.tga	<text>text="获取线索：少室山下，乞丐葫芦。" font=168</text>	<text>text="一只小刺猬，背上长满了尖尖的刺。\\\n“啊呀，小果！你不要过来蹭我！”" font=65</text>	1		0	38416			1	4987	0	80	-300	0	100	150	1		1	二级驭兽宠物
59	蟹仔	78	4	3	1	2	1	5	ui\Image\Pets\kp_蟹仔.tga	<text>text="获取线索：从有寄居蟹的地方来。" font=168</text>	<text>text="寄居蟹会从沙滩上找各种各样的贝壳，甚至是瓶子，罐子背在背上，作为自己的屋子。\\\n小蟹仔背在背上的，是它在上一次郊游时候找到的空贝壳。\\\n“借屋借屋，从不交租。”" font=65</text>	1		0	38417			1	4988	0	80	-300	0	100	150	1			
60	稻稻	23	2	2	3	1	2	5	ui\Image\Pets\kp_稻稻.tga	<text>text="获取线索：中原各地，果子狸并不罕见。" font=168</text>	<text>text="有一段时间，稻香村的果子狸很可怜，因为过往的侠士总是会抓住它取走一杯血作调查。\\\n现在果子狸从稻香村溜了出来，要和大家一起闯荡江湖。\\\n“希望这一次，会被好好对待了吧？”" font=65</text>	1		0	38418			1	4989	0	80	-300	0	100	150	1			
61	机关赤兔	32	6	4	4	4	4	9	ui\Image\Pets\kp_机关赤兔.tga	<text>text="获取线索：午马年春节活动。" font=168</text>	<text>text="一只机关木马，由赤榴木制成，因此命名为赤兔。\\\n“新春大吉，马年吉祥”" font=65</text>	1		0	39088			1	5361	0	80	-300	0	100	150	1			
62	机关玉狮子	33	6	4	4	5	4	6	ui\Image\Pets\kp_机关玉狮子.tga	<text>text="获取线索：积分回馈。" font=168</text>	<text>text="一只机关木马，用素橡木所制，其木色白如玉，因此此马被命名为玉狮子。\\\n“新春大吉，马年吉祥！”\\\n" font=65</text><text>text="具有【行囊机关】，开启机关后可找其换购趣味道具。" font=18</text>	1		0	39089			1	5362	0	80	-300	0	100	150	1			
63	精制・年	41	6	4	4	4	4	9;10	ui\Image\Pets\kp_精制年.tga	<text>text="获取线索：过年时候，才有年兽。" font=168</text>	<text>text="欢欢喜喜闹大年，不过我不是大年兽，我是人畜无害的小年兽！" font=65</text><text>text="\\\n【限时类跟宠】" font=18</text>	1		1	39124			0.08	5366	0	80	-300	0	100	150	0.08			
64	一杠	80	6	4	3	5	2	5	ui\Image\Pets\kp_一杠.tga	<text>text="获取线索：万花谷偷书，胆子不小。" font=168</text>	<text>text="有人见其机灵，笑问其名。捉一木棍，在面前沙地上长长画了一道杠。故此人们叫它一杠。\\\n最爱吃面，尤其是一种北方产的脆面。谁如果在它附近吃面被它听到了，那么它死活都要去讨一口，不然绝不离开。" font=65</text>	1		0	39416			1.5	5385	0	80	-300	0	100	150	1.5			
65	小花	66	5	3	3	4	2	5	ui\Image\Pets\kp_小花.tga	<text>text="获取线索：东都树下，丢了泥娃娃。" font=168</text>	<text>text="每次见到这只小刺猬，它头上都顶着一簇鲜花。次次都这样，不知道它从哪里采来的。" font=65</text>	1		0	39418			1	6098	0	80	-300	0	100	150	1		1	三级驭兽宠物
66	小极		6	4	2	4	3		ui\Image\Pets\kp_小极.tga		<text>text="沈剑心大侠遇海难漂流数月，在极南之地的冰川浮岛上发现的奇特异鸟。以其生活在极南之地的冰川附近，因此起名 小极。平时它待在玄冰架上，以架上的深潭寒冰裹身降温。偶尔会出来走走跑跑，活动身体。" font=65</text><text>text="\\\n" font=18</text>	0		0	39499			1	5391	0	80	-300	0	100	150	1			
67	南南	48	6	4	2	5	3	6	ui\Image\Pets\kp_南南.tga	<text>text="获取线索：积分回馈。" font=168</text>	<text>text="和沈剑心一起漂流来到中原。是小异鸟的父亲，一直尽力照顾小鸟们。沈剑心北行前往寻找北冥冰珠的时候，南南不愿留下，背负鱼骨为刀随行。最终在北方冰海之下，探寻到冰珠踪迹，协助沈剑心潜入冰海深处历尽艰辛将其取回。\\\n“这里果然和以前的星星不一样啊……不过只要和小极在一起，就是最美好的家。”" font=65</text>	1		0	39546			1.5	5392	0	80	-300	0	100	150	1.5			
68	糖豆	55	6	4	3	4	2	11	ui\Image\Pets\kp_糖豆.tga	<text>text="获取线索：官网”英雄聚义“运营活动。" font=168</text>	<text>text="糖豆最喜欢吃糖豆，糖豆一直觉得糖豆最好吃了。\\\n糖豆和不二猴是很好的朋友，它们一起历经八十一难从西山糖豆店“取”走了很多糖豆，因此糖豆可以很幸福地吃很多糖豆了。\\\n“报案龋〉昀锏奶嵌谷不见了！”" font=65</text>	1		0	39547			1.2	5390	0	80	-300	0	100	150	1.2			
69	极极	40	6	4	2	5	3	6	ui\Image\Pets\kp_极极.tga	<text>text="获取线索：积分回馈。" font=168</text>	<text>text="沈剑心大侠遇海难漂流数月，在极南之地的冰川浮岛上发现的奇特异鸟。因为其不适应温暖环境，需要时刻以深潭寒冰裹身降温。后来沈大侠前往北冥之地，带回可以维持寒气的北冥冰珠，才让极极可以安然待在中土。\\\n“爸比~这里的小星星，和以前看到的不一样啊。”" font=65</text>	1		0	39551			1	5391	0	80	-300	0	100	150	1			
70	蟹相	76	4	3	1	3	1	5	ui\Image\Pets\kp_蟹相.tga	<text>text="获取线索：红叶飘落处，棋谱何人遗落？" font=168</text>	<text>text="蟹壳上刻着一个大大的“相”字\\\n北魏《元英墓志》：“出将入相，朝望攸居。”" font=65</text>	1		0	39558			0.4	6141	0	80	-300	0	100	150	0.4			
71	蟹象	77	4	3	1	3	1	5	ui\Image\Pets\kp_蟹象.tga	<text>text="获取线索：苍山小径边，可见过一本棋谱？" font=168</text>	<text>text="蟹壳上刻着一个大大的“象”字\\\n北魏《元英墓志》：“出将入相，朝望攸居。”" font=65</text>	1		0	39557			0.4	6142	0	80	-300	0	100	150	0.4			
72	大哈	20	3	2	1	1	1	5	ui\Image\Pets\kp_大哈.tga	<text>text="获取线索：幼小的青蛙？不，我是蛤蟆。" font=168</text>	<text>text="咕呱~咕呱~我是一只灰皮癞蛤蟆，不要嫌我丑，不要嫌我吵，我只是会牢牢跟着自己的主人~咕呱~" font=65</text>	1		0	39559			0.22	6100	0	80	-300	0	100	150	0.22			
73	如意	53	6	4	3	4	2	6	ui\Image\Pets\kp_如意.tga	<text>text="获取线索：积分回馈。" font=168</text>	<text>text="一只幼小的白狮子。\\\n汉张骞通西域，而传狮兽至中土。而其中白色狮子最为罕见，人以其为祥瑞，逢之有如意顺福之意。" font=65</text>	1		0	39878			0.35	5988	0	80	-300	0	100	150	0.35		1	五级驭兽宠物
74	绿豆	46	6	4	3	4	2	6	ui\Image\Pets\kp_绿豆.tga	<text>text="获取线索：积分回馈。" font=168</text>	<text>text="“清暑开胃，老少皆宜，包治百病！绿豆很厉害的！”\\\n“怎么用？生吞？”\\\n“煮汤。”\\\n“哦。”\\\n“……等等，不是我！不是说我！是豆子啊，豆子！”" font=65</text>	1		0	40088			1.2	5389	0	80	-300	0	100	150	1.2			
75	咕咕	26	6	4	2	5	3	11	ui\Image\Pets\kp_咕咕.tga	<text>text="获取线索：官网2014年6月9日-7月21日充值活动。" font=168</text>	<text>text="分隔天涯海角天各一方，这是江湖遥远的距离。\\\n但有我在，距离就不能阻碍你的联络。\\\n飞越千山万水，划过天际云间，\\\n传递的是喜怒哀乐，见证的是悲欢离合。\\\n我是负载期待的使者。\\\n飞来只为了你的期待，飞去为传递你的期待。\\\n我是一只信鸽，\\\n我叫咕咕。\\\n咕~咕~咕咕咕~咕咕~" font=27</text><text>text="\\\n此信鸽宠物可【飞鸽传书】传递信件包裹。" font=18</text>	1		0	40179			2	6072	0	180	-500	0	350	300	1	-30		
76	蟹炮	73	4	3	1	3	1	5	ui\Image\Pets\kp_蟹炮.tga	<text>text="获取线索：蜀军大营外，炮声震耳欲聋。" font=168</text>	<text>text="蟹壳上刻着一个大大的“炮”字\\\n“霹雳如火，性急如炮。" font=65</text>	1		0	40402			0.4	6139	0	80	-300	0	100	150	0.4			
77	蟹h	74	4	3	1	3	1	5	ui\Image\Pets\kp_蟹h.tga	<text>text="获取线索：伏龙融天之地，谁遗一书？" font=168</text>	<text>text="蟹壳上刻着一个大大的“h”字\\\n“马走日字象走田，车走直线h翻山。" font=65</text>	1		0	40403			0.4	6138	0	80	-300	0	100	150	0.4			
78	小诺	69	6	4	3	5	2	5	ui\Image\Pets\kp_小诺.tga	<text>text="获取线索：白龙过山，小诺报一饭之恩。" font=168</text>	<text>text="小诺是一只勇敢的小豹子，而豹子都跑得很快。\\\n从扬州到长安，千里路程，小诺只要一息就能到达，厉害吧！\\\n“小诺，快给我从地图上下来！”" font=65</text>	1		0	40353			0.35	6097	0	80	-300	0	100	150	0.35		1	四级驭兽宠物
79	红绸	29	6	4	3	5	2	5	ui\Image\Pets\kp_红绸.tga	<text>text="获取线索：红衣显露真凶相，少女安危寄善良" font=168</text>	<text>text="“小貂儿，你做了什么好事情，得到这么大一朵大红花啊？”" font=65</text>	1		0	40354			1	6099	0	80	-300	0	100	150	1			
80	酒客	42	5	3	1	4	1	5	ui\Image\Pets\kp_酒客.tga	<text>text="获取线索：瘦西湖边，流传着酒坛子妖怪的传闻。" font=168</text>	<text>text="寄居蟹会从沙滩上找各种各样的贝壳，甚至是瓶子，罐子背在背上，作为自己的屋子。\\\n酒客背在背上的，是桃花老翁丢失的酒坛子。\\\n“我请你来喝酒……我家，我家就在酒坛子里边。”" font=65</text>	1		0	40355			1	6143	0	80	-300	0	100	150	1			
81	大爵一家	86	6	4	2	5	3	11	ui\Image\Pets\kp_大爵.tga	<text>text="获取线索：官网五周年充值回馈活动。" font=168</text>	<text>text="四只鸵鸟组成的鸵鸟群。\\\n“大爵，二爵，三爵……顶蛋壳的那只叫什么呢？猜对了，就叫小明，你真聪明！”" font=65</text>	1		0	40656			0.6	6258	0	80	-300	0	100	150	0.6			
82	果果	92	6	4	3	5	2	5	ui\Image\Pets\kp_果果.tga	<text>text="获取线索：大唐龙兴之地。" font=168</text>	<text>text="“人们都说情比金坚，那么比我的坚果还坚硬么？”" font=27</text>	1		0	41272			1	6631	0	80	-300	0	100	150	1			
83	冰蓝花客	88	5	3	1	4	1	5	ui\Image\Pets\kp_冰蓝花客.tga	<text>text="获取线索：高山冰原。" font=168</text>	<text>text="昆仑之上有异蟹，彻体冰蓝，颇具灵性，传言其为冰灵所化。" font=65</text>	1		0	41275			1	6626	0	80	-300	0	100	150	1			
84	嘟嘟	91	5	3	3	4	2	5	ui\Image\Pets\kp_嘟嘟.tga	<text>text="获取线索：两山之间，索桥飞渡。" font=168</text>	<text>text="“我可不肥，呼噜呼噜~是强壮啦，呼噜呼噜~”" font=27</text>	1		0	41273			1	6642	0	80	-300	0	100	150	1		1	一级驭兽宠物
85	蟹仕	95	4	3	1	3	1	5	ui\Image\Pets\kp_蟹仕.tga	<text>text="获取线索：大江绕城过，朝辞彩云间。" font=168</text>	<text>text="蟹壳上刻着一个大大的“仕”字\\\n“对策者以第一登庸，射策者以甲科入仕，斯固选贤要术也。” " font=65</text>	1		0	41276			0.4	6629	0	80	-300	0	100	150	0.4			
86	蟹士	94	4	3	1	3	1	5	ui\Image\Pets\kp_蟹士.tga	<text>text="获取线索：镇中一对说书人。" font=168</text>	<text>text="蟹壳上刻着一个大大的“士”字\\\n“纵横天下，国士无双。”" font=65</text>	1		0	41277			0.4	6630	0	80	-300	0	100	150	0.4			
87	圈圈	93	6	4	3	4	2	8	ui\Image\Pets\kp_圈圈.tga	<text>text="获取线索：限苍云弟子，雁门关。" font=168</text>	<text>text="“你们看，我戴上毛茸茸的项圈，像不像小狮子呀？”" font=27</text><text>text="\\\n" font=18</text><text>text="“可是，你本来就是小狮子呀……”" font=27</text>	1		0	41263			0.21	6641	0	80	-300	0	100	150	0.21			
88	鼎鼎	89	6	4	3	4	2	8	ui\Image\Pets\kp_鼎鼎.tga	<text>text="获取线索：限苍云弟子，雁门关。" font=168</text>	<text>text="“嗷呜！这块肉肉是我的，谁抢我就咬谁！”" font=27</text>	1		0	41264			0.21	6638	0	80	-300	0	100	150	0.21			
89	悠悠	96	6	4	3	4	2	8	ui\Image\Pets\kp_悠悠.tga	<text>text="获取线索：限苍云弟子，雁门关。" font=168</text>	<text>text="“我最喜欢小铃铛啦！叮铃，叮铃。一跑起来就会响呐！”" font=27</text>	1		0	41265			0.21	6640	0	80	-300	0	100	150	0.21			
90	兜兜	90	6	4	3	4	2	8	ui\Image\Pets\kp_兜兜.tga	<text>text="获取线索：限苍云弟子，雁门关。" font=168</text>	<text>text="“求摸头，我好乖的。就摸一下，不软不要钱。”" font=27</text>	1		0	41266			0.21	6664	0	80	-300	0	100	150	0.21			
91	福福	87	6	4	3	4	2	10;11;	ui\Image\Pets\kp_福福.tga	<text>text="获取线索：多种运营活动。" font=168</text>	<text>text="苍雪龙城，雪狮纳福，我就是很厉害的小狮子福福！" font=163</text><text>text="\\\n【限时类跟宠】" font=18</text>	1		1	41267	0	2	0.21	6637	0	80	-300	0	100	150	0.21			
92	小王小后	97	6	4	3	5	2	11	ui\Image\Pets\kp_小王小后.tga	<text>text="获取线索：购买《剑网3》追梦人系列手办“小苍”赠送。" font=168</text>	<text>text="“若我为王，你必为后！”\\\n“哦。”\\\n“我是说真的！”\\\n“那……河边山谷里的野猪都是我的！”\\\n“没问题！”\\\n“你，也是我的。”\\\n“啊？”\\\n“有问题？”\\\n“没，没问题！”" font=27</text>	1		0	41268			0.21	6718	0	80	-300	0	100	150	0.21			
93	小羊・吉祥	99	6	4	3	4	2	9	ui\Image\Pets\kp_小羊・吉祥.tga	<text>text="获取线索：未羊年春节活动。" font=168</text>	<text>text="小羊送吉祥！新春大吉，羊年如意！" font=27</text>	1		0	43323			1	6752	0	80	-300	0	100	150	1			
94	小羊・瑞福	100	6	4	3	4	2	9	ui\Image\Pets\kp_小羊・瑞福.tga	<text>text="获取线索：未羊年春节活动。" font=168</text>	<text>text="小羊带瑞福！新春大吉，羊年如意！" font=27</text>	1		0	43324			1	6753	0	80	-300	0	100	150	1			
95	三羊开泰	98	6	4	3	5	2	11	ui\Image\Pets\kp_三羊开泰.tga	<text>text="获取线索：充值促销。" font=168</text>	<text>text="三只憨态可掬的小羊羔。\\\n“新春大吉，羊年如意！”\\\n" font=65</text><text>text="具有【行囊机关】，开启机关后可找其换购趣味道具。" font=18</text>	1		0	43328			1	6754	0	80	-300	0	100	150	1			
96	月光	101	6	4	3	5	2	11	ui\Image\Pets\kp_月光.tga	<text>text="获取线索：充值促销。" font=168</text>	<text>text="青丘群山之王，不是虎豹，而是一只银狐。\\\n圆月的夜晚，滞留山林的话，有时会遇到一只矫健的银狐，毛色银白亮丽，行动迅捷如风，穿梭林间似月光流转。月下对视其眼眸，则心神失守，恍然若梦中，山中猎户无有敢举弓者，称其为狐王月光！" font=65</text>	1			43953			0.5	6767	0	80	-300	0	100	150	0.5		1	五级驭兽宠物
97	静静	112	6	4	3	5	2	5	ui\Image\Pets\kp_静静.tga	<text>text="获取线索：帝都皇城，小犬迷失于路。" font=168</text>	<text>text="一只可爱的白色小犬。" font=65</text><text>text="\\\n" font=18</text><text>text="生活在皇宫的静静，最好的朋友是小锦。可是自从皇宫大混乱之后，小锦和很多熟悉的面孔都不见了。静静不愿再待在日益陌生的皇宫，终于在一天傍晚溜出宫门，隐入到长安城的民居中。" font=65</text><text>text="\\\n" font=18</text><text>text="“静静想那些熟悉的朋友，不知他们有没有想静静呢？”" font=65</text>	1			43957			1	6801	0	80	-300	0	100	150	1		1	四级驭兽宠物
98	红羽大将军	106	1	3	2	4	3	5	ui\Image\Pets\kp_红羽大将军.tga	<text>text="获取线索：梅龙镇斗鸡擂主。" font=168</text>	<text>text="红羽是一只威武的大公鸡！" font=65</text><text>text="\\\n" font=18</text><text>text="自从红羽击败了上一只梅龙镇斗鸡擂主，赢得了那顶小巧精致的将军盔。它就有了“大将军”这个称号，从那天起，它走起路来，就越发像一个威风凛凛的大将军了！" font=65</text>	1			41274			1	6802	0	80	-300	0	100	150	1		1	一级驭兽宠物
99	枫林客	105	5	3	1	4	1	5	ui\Image\Pets\kp_枫林客.tga	<text>text="获取线索：如火枫林。" font=168</text>	<text>text="顶着那个插着枫叶的大竹筒，小寄居蟹几乎把自己全藏在了里边。" font=65</text>	1			43954			1	6803	0	80	-300	0	100	150	1			
100	蟹车・红	113	4	3	1	3	1	5	ui\Image\Pets\kp_蟹车・红.tga	<text>text="获取线索：龙锁大江。" font=168</text>	<text>text="蟹壳上刻着一个大大的“”字\\\n“往来无忌，车马横冲！”" font=65</text>	1			43955			0.4	6805	0	80	-300	0	100	150	0.4			
101	蟹车・蓝	114	4	3	1	3	1	5	ui\Image\Pets\kp_蟹车・蓝.tga	<text>text="获取线索：金色花田。" font=168</text>	<text>text="蟹壳上刻着一个大大的“”字\\\n“长驱直入，纵横无匹！”" font=65</text>	1			43956			0.4	6804	0	80	-300	0	100	150	0.4			
102	鸿福金龙	103	6	4	4	4	4	11	ui\Image\Pets\kp_鸿福金龙.tga	<text>text="获取线索：官方微博、微信等自媒体活动。" font=168</text>	<text>text="鸿运送鸿福，福星映穹庐！" font=27</text>	1	1		43958			1.3	6806	0	80	-300	0	100	150	1.3			
103	鸿禄金龙	109	6	4	4	4	4	11	ui\Image\Pets\kp_鸿禄金龙.tga	<text>text="获取线索：多种运营活动。" font=168</text>	<text>text="鸿运贺豪禄，步步得高升！" font=27</text>	1	1		43959			1.3	6806	0	80	-300	0	100	150	1.3			
104	鸿寿金龙	110	6	4	4	4	4	11	ui\Image\Pets\kp_鸿寿金龙.tga	<text>text="获取线索：多种运营活动。" font=168</text>	<text>text="鸿运贺长寿，康健乐长生！" font=27</text>	1	1		43960			1.3	6806	0	80	-300	0	100	150	1.3			
105	鸿喜金龙	104	6	4	4	4	4	11	ui\Image\Pets\kp_鸿喜金龙.tga	<text>text="获取线索：“侠义乾坤”全民美拍大赛。" font=168</text>	<text>text="鸿运贺福禧，好运伴万里！" font=27</text>	1	1		43961			1.3	6806	0	80	-300	0	100	150	1.3			
106	鸿财金龙	102	6	4	4	4	4	11	ui\Image\Pets\kp_鸿财金龙.tga	<text>text="获取线索：“剑网3侠客行”线下活动。" font=168</text>	<text>text="鸿运送鸿财，好运跟着来！" font=27</text>	1	1	1	43962			1.3	6806	0	80	-300	0	100	150	1.3			
107	鸿喜金龙	104	6	4	4	4	4	11	ui\Image\Pets\kp_鸿喜金龙.tga	<text>text="获取线索：多种运营活动。" font=168</text>	<text>text="鸿运贺福禧，好运伴万里！" font=27</text>	1	1	1	43961			1.3	6806	0	80	-300	0	100	150	1.3			
108	夜刃	107	6	4	3	5	2	11	ui\Image\Pets\kp_夜刃.tga	<text>text="获取线索：“玩家招募”活动。" font=168</text>	<text>text="夜色之下，一只背着短刃的小刺客。\\\n在貂的世界里，本没有刺客这个概念，不过夜刃出生在凌雪阁一个刺客世家里，所以它懂得的，就比别的貂多了一点点。\\\n“黑夜给了我黑色的尾巴，我用尾巴赶走蚊蝇。”" font=65</text>	1			44436			1	6807	0	80	-300	0	100	150	1			
109	纠纠	115	6	4	3	5	2	5	ui\Image\Pets\kp_纠纠.tga	<text>text="获取线索：师徒天涯路，勤修战江湖。" font=168</text>	<text>text="“不仅仅是阿宝，我也想要画个彩色的画像呢，超级想要！”" font=27</text>	1	0	0	45336	0	0	1	6987	0	80	-300	0	100	150	1		1	一级驭兽宠物
110	葫芦	111	6	4	3	5	2	5	ui\Image\Pets\kp_葫芦.tga	<text>text="获取线索：龙缘山下待奇缘，有心人处交真心。" font=168</text>	<text>text="“葫芦是我上次帮助一个有七个孩子的老爷爷的时候，他送给我的。”" font=27</text>	1	0	0	45215	0	0	0.7	6979	0	80	-300	0	100	150	0.7		1	五级驭兽宠物
111	商周客	117	5	3	1	4	1	5	ui\Image\Pets\kp_商周客.tga	<text>text="获取线索：地锁巨龙。" font=168</text>	<text>text="“古旧的青铜酒爵，或许是件值钱的古董，不过，在小寄居蟹的眼里，这是一个上好的窝，给多少钱都不换的。”" font=27</text>	1	0	0	45564	0	0	0.9	6994	0	110	-300	0	100	150	0.9			
112	蟹马・红	118	4	3	1	3	1	5	ui\Image\Pets\kp_蟹马・红.tga	<text>text="获取线索：森森大泽。" font=168</text>	<text>text="蟹壳上刻着一个大大的“马”字\\\n“楚河汉界，横竖交错。有马斜飞，踩兵踏卒。”" font=65</text>	1	0	0	45565	0	0	0.4	6988	0	80	-300	0	100	150	0.4			
113	蟹马・蓝	119	4	3	1	3	1	5	ui\Image\Pets\kp_蟹马・蓝.tga	<text>text="获取线索：江边岛，岛边船。" font=168</text>	<text>text="蟹壳上刻着一个大大的“马”字\\\n“楚河汉界，横竖交错。绊马不器，一兵一卒。”" font=65</text>	1	0	0	45566	0	0	0.4	6989	0	80	-300	0	100	150	0.4			
114	黑豆	108	6	4	3	5	2	5	ui\Image\Pets\kp_黑豆.tga	<text>text="获取线索：隐元秘鉴。" font=168</text>	<text>text="“黑夜给了黑豆一双黑色的眼睛，黑豆用黑色的眼睛找到了一顶漂亮的黑色小帽。”" font=27</text>	1	0	0	45567	0	0	1.2	5388	0	80	-300	0	100	150	1.2			
115	洛洛	116	6	4	3	5	2	5	ui\Image\Pets\kp_洛洛.tga	<text>text="获取线索：隐元秘鉴。" font=168</text>	<text>text="“我的披风好看吧？这可是西山糖豆店的限量纪念版哦！瞧，上边还有西山糖豆店的印记呢！”" font=27</text>	1	0	0	45568	0	0	1	6631	0	80	-300	0	100	150	1			
116	哼哼	120	6	4	3	4	2	11;10	ui\Image\Pets\kp_呼呼.tga	<text>text="获取线索：多种运营活动。" font=168</text>	<text>text="“我不肥，肥的是嘟嘟，因为它都肥嘟嘟的了~哼哼~”" font=27</text>	1	1	1	46645	0	0	1	6642	0	80	-300	0	100	150	1		1	四级驭兽宠物
117	哼哼	120	6	4	3	4	2	11	ui\Image\Pets\kp_呼呼.tga	<text>text="获取线索：多种运营活动。" font=168</text>	<text>text="“我不肥，肥的是嘟嘟，因为它都肥嘟嘟的了~哼哼~”" font=27</text>	1	1	0	46645	0	0	1	6642	0	80	-300	0	100	150	1		1	四级驭兽宠物
118	烈烈	123	6	4	4	5	4	6	ui\Image\Pets\kp_烈烈.tga	<text>text="获取线索：官网六周年充值回馈活动。" font=168</text>	<text>text="“原本是司徒一一为造攻城之具而设计，奈何齿簧弹力有限，无法驱动大型实物，故而弃之。后其图被工圣门人所得，改造重组，去除其兵刃机构，加以木雕刻绘，以之为机甲相戏之宠。”" font=27</text>	1	0	0	46566	0	0	0.4	7027	0	80	-300	0	100	150	0.4			
119	小小	122	6	4	2	5	3	11	\ui\Image\Pets\kp_小小.tga	<text>text="获取线索：充值促销。" font=168</text>	<text>text="有侠客闯北海，迷途荒原，见天空五彩之光，待光色消，暴风雪席卷，避入雪谷，获异卵，即后归来，孵化岁余，乃出白羽小雕，再四岁，雕不见长，食量巨，善奔走，不能飞行。遍问驯雕人，无有知其来历者。\\\n“我是一只小小小小鸟”\\\n" font=65</text><text>text="具有【百宝袋】，开启机关后可找其换购趣味道具。" font=18</text>	1	0	0	47674	0	0	0.4	7190	0	80	-300	0	100	150	0.4			
127	霜华	124	6	4	3	4	2	11;10	ui\Image\Pets\kp_霜华.tga	<text>text="获取线索：多种运营活动。" font=168</text>	<text>text="呦呦鹿鸣，食野之芩。我有嘉宾，鼓瑟鼓琴。" font=27</text><text>text="\\\n【限时类跟宠】" font=18</text>	1	0	1	48835	0	0	1	7920	0	80	-300	0	100	150	1			
128	白羽擂主	125	5	3	2	4	3	5	ui\Image\Pets\kp_白羽擂主.tga	<text>text="获取线索：恶除奸邪，清气满乾坤。" font=168</text>	<text>text="白羽是一只威武的大公鸡！" font=65</text><text>text="\\\n" font=18</text><text>text="来自永王府，乃是永王李U之子李`最钟爱的斗鸡，翅膀十分有力。百战不败，是王府斗鸡场实至名归的常胜擂主。" font=65</text>	1	0	0	49328	0	0	1	7928	0	80	-300	0	100	150	1		1	五级驭兽宠物
129	煌煌	127	6	4	3	5	2	5	ui\Image\Pets\kp_煌煌.tga	<text>text="获取线索：遍寻天下不见，品茶却遇是非。" font=168</text>	<text>text="一只可爱的黄色小狗。\\\n“煌煌原本跟静静一样有漂亮的白色毛发，只是因为能力太大，不得不改头换面，变成了土黄色的小狗。”" font=65</text>	1	0	0	49331	0	0	1	7926	0	80	-300	0	100	150	1		1	三级驭兽宠物
130	清茗小龟	130	6	4	1	5	1	5	ui\Image\Pets\kp_清茗小龟.tga	<text>text="获取线索：婆娑僧欲盗清茗经，梵叶禅一茶化贪劫。" font=168</text>	<text>text="一只古灵精怪的小乌龟，背上驮着一把嘟嘟冒气的茶壶，散发着一阵清淡的茶香。\\\n“一山，一水，一小龟，一壶，一杯，一清茗。”" font=65</text>	1	0	0	49341	0	0	0.4	7925	0	80	-300	0	100	150	0.4			
131	童心客	133	5	3	1	4	1	5	ui\Image\Pets\kp_童心客.tga	<text>text="获取线索：糖葫芦唤起童年事，恶浪子回头返故乡。" font=168</text>	<text>text="一只特立独行的寄居蟹，把一个糖葫芦草把子当成了家。\\\n“糖葫芦~酸甜可口的糖葫芦~”" font=65</text>	1	0	0	49342	0	0	0.7	7930	0	80	-300	0	100	150	0.7			
132	蟹胜	135	4	3	1	3	1	5	ui\Image\Pets\kp_蟹胜.tga	<text>text="获取线索：一局棋牵连谋反事，两隐士纵论胜负心。" font=168</text>	<text>text="蟹壳上刻着一个金色的“胜”字。\\\n“多算胜，少算不胜，棋道如兵道。”" font=65</text>	1	0	0	49345	0	0	0.4	7931	0	80	-300	0	100	150	0.4			
133	蟹负	134	4	3	1	3	1	5	ui\Image\Pets\kp_蟹负.tga	<text>text="获取线索：一局棋牵连谋反事，两隐士纵论胜负心。" font=168</text>	<text>text="蟹壳上刻着一个黑色的“负”字。\\\n“棋势映心，无成败则浩然常胜。迷胜负则屡败无进”" font=65</text>	1	0	0	49346	0	0	0.4	7932	0	80	-300	0	100	150	0.4			
134	呼呼	121	6	4	3	4	2	5	ui\Image\Pets\kp_呼呼.tga	<text>text="获取线索：藏宝洞里有乾坤。" font=168</text>	<text>text="“我不肥，肥的是嘟嘟，因为它都肥嘟嘟的了~呼呼~”" font=27</text>	1	0	0	49347	0	0	1	7043	0	80	-300	0	100	150	1		1	三级驭兽宠物
135	吟风	136	6	4	3	4	2	8	ui\Image\Pets\kp_吟风.tga	<text>text="获取线索：限长歌弟子，微山湖畔，岛林听风。" font=168</text>	<text>text="醉里听风递诗韵，纸上描朱花色好。" font=27</text>	1	0	0	49360	0	0	1	7923	0	80	-300	0	100	150	1			
136	踏雪	132	6	4	3	4	2	8	ui\Image\Pets\kp_踏雪.tga	<text>text="获取线索：限长歌弟子，微山湖畔，岛林听风。" font=168</text>	<text>text="绵露逐风风化雨，碎雨踏雪雪生花。" font=27</text>	1	0	0	49361	0	0	1	7933	0	80	-300	0	100	150	1			
137	暮春	129	6	4	3	4	2	8	ui\Image\Pets\kp_暮春.tga	<text>text="获取线索：限长歌弟子，微山湖畔，岛林听风。" font=168</text>	<text>text="暖风翩舞轻纱絮，暮里桃花三月春。" font=27</text>	1	0	0	49362	0	0	1	7924	0	80	-300	0	100	150	1			
138	画秋	126	6	4	3	4	2	8	ui\Image\Pets\kp_画秋.tga	<text>text="获取线索：限长歌弟子，微山湖畔，岛林听风。" font=168</text>	<text>text="芦间涩草霜竞起，林间黄叶画秋风。" font=27</text>	1	0	0	49363	0	0	1	7927	0	80	-300	0	100	150	1			
139	立夏	128	6	4	3	4	2	8	ui\Image\Pets\kp_立夏.tga	<text>text="获取线索：限长歌弟子，微山湖畔，岛林听风。" font=168</text>	<text>text="炎风逐雨织虹锦，且听蝉鸣立夏间。" font=27</text>	1	0	0	49364	0	0	1	7929	0	80	-300	0	100	150	1			
140	银冬	137	6	4	3	4	2	8	ui\Image\Pets\kp_银冬.tga	<text>text="获取线索：限长歌弟子，微山湖畔，岛林听风。" font=168</text>	<text>text="银雪作被冰作镜，枝头残红数寒冬。" font=27</text>	1	0	0	49365	0	0	1	7934	0	80	-300	0	100	150	1			
141	四象舞轮	131	6	4	3	4	2	11	ui\Image\Pets\kp_四象舞轮.tga	<text>text="获取线索：设定集物品。" font=168</text>	<text>text="四只小象外表不尽相同，各有千秋\\\n“我们兄弟四象能卖萌耍帅，也会玩球装酷，是居家旅行必备良品~奈何太帅，怕引起轰动，每次只能出现一个”" font=65</text><text>text="\\\n四只不一样的小象，每次可以召唤一只出来跟随" font=18</text>	1	0	0	51698	0	0	0.7	8065	0	80	-300	0	100	150	0.7			
142	大圣	138	6	4	3	5	2	11	ui\Image\Pets\kp_大圣.tga	<text>text="获取线索：充值促销。" font=168</text>	<text>text="花果山来，乃复生石猴，仍得神通，号称迎福大圣" font=27</text><text>text="。\\\n“" font=65</text><text>text="猴年大吉，万事遂意！”\\\n" font=65</text><text>text="具有【行囊机关】，开启机关后可找其换购趣味道具。" font=18</text>	1	0	0	52198	0	0	1	8078	0	80	-300	0	100	150	1			
143	行者	139	6	4	3	4	2	9	ui\Image\Pets\kp_猴王.tga	<text>text="获取线索：申猴年春节活动。" font=168</text>	<text>text="这只小猴爱游历四方，走过许多地方，收集了各个地方人们的祝福，在新春佳节之际回到大唐，将祝福带给大家。" font=27</text><text>text="\\\n" font=18</text><text>text="金猴迎春到，福禄寿喜来！" font=27</text>	1	0	0	52230	0	0	1	8080	0	80	-300	0	100	150	1			
144	胡腾儿	185	6	4	3	5	2;10	11;10	ui\Image\Pets\kp_讯讯.tga	<text>text="获取线索：多种运营活动。" font=168</text>	<text>text="胡腾身是凉州儿，肌肤如玉鼻如锥。" font=65</text><text>text="\\\n【限时类跟宠】" font=18</text>	1	1	1	52546	0	0	1	8113	0	80	-300	0	100	150	1			
145	小刺	141	5	3	3	4	2	9	ui\Image\Pets\kp_小刺.tga	<text>text="获取线索：花朝节活动奖励。" font=168</text>	<text>text="每次见到这只小刺猬，它身上都裹着一块软布，不知道从哪里弄来的。\\\n“用软布把自己裹起来，这样主人就可以抚摸我而不怕被扎到手了~”\\\n" font=65</text>	1	0	0	52561	0	0	1	8116	0	80	-300	0	100	150	1		1	四级驭兽宠物
146	黑刺客	190	5	3	2	4	3	5	ui\Image\Pets\kp_黑刺客.tga	<text>text="获取线索：皇城之内，偶得天机。" font=168</text>	<text>text="黑刺客是一只神秘的大公鸡！" font=65</text><text>text="\\\n" font=18</text><text>text="虽不知从何而来，但见其一身黑羽，缚住双眼的丝带因沾染了鲜血而僵直，也是明白它的来头不简单。" font=65</text>	1	0	0	52563	0	0	1	8133	0	80	-300	0	100	150	1		1	四级驭兽宠物
147	石敢当	181	6	4	4	5	4	5	ui\Image\Pets\kp_石敢当.tga	<text>text="获取线索：广都镇外，千岛湖畔。" font=168</text>	<text>text="本是山中一颗灵石，后被能人施以机甲之术，不仅可自行移动，还可以变换脸上的细节。\\\n“小羊咩咩咩,小车跑跑跑,每天都这样多好。”" font=65</text>	1	0	0	52616	0	0	1	8134	0	80	-300	0	100	150	1			
148	刀豆	177	5	4	3	4	2	5	ui\Image\Pets\kp_海盗鼠.tga	<text>text="获取线索：沙漠腹地，极东之海。" font=168</text>	<text>text="“我是在海盗船上生活过的，什么大风大浪没见过！”" font=27</text>	1	0	0	52650	0	0	1	8136	0	80	-300	0	100	150	1			
149	九灵	178	6	4	3	5	2	6	ui\Image\Pets\kp_大耳狐.tga	<text>text="获取线索：充值促销。" font=168</text>	<text>text="青丘神泽踏雪来，一点灵心守君侧。" font=27</text><text>text="\\\n" font=18</text><text>text="鹊山东去数百里，有大泽名即翼，有山陵名青丘。青丘南多玉石，北边有异狐，长尾阔耳，传说为仙人点玉石而化。其性聪慧灵动，轻盈活泼，能跳跃抛出并衔住身侧的刀剑。且尤喜随主，若不见主人，便会伫立原地，久不离去。" font=27</text>	1	0	0	52615	0	0	1.2	8132	0	80	-300	0	100	150	1.2		1	五级驭兽宠物
150	凌霄	155	6	4	2	4	3	8	ui\Image\Pets\kp_凌霄.tga	<text>text="获取线索：限纯阳弟子，凤声细细，遗落之羽。" font=168</text>	<text>text="扶摇直起凌风去，一声长唳清重霄。"font=27</text>	1	0	0	52651	0	0	0.6	8152	0	80	-300	0	100	150	0.6			
151	隐雪	170	6	4	2	4	3	8	ui\Image\Pets\kp_隐雪.tga	<text>text="获取线索：限纯阳弟子，凤声细细，遗落之羽。"font=168</text>	<text>text="身本寂寥著霜雪，千山尽素隐仙姿。"font=27</text>	1	0	0	52652	0	0	0.6	8153	0	80	-300	0	100	150	0.6			
152	归云	148	6	4	2	4	3	8	ui\Image\Pets\kp_归云.tga	<text>text="获取线索：限纯阳弟子，凤声细细，遗落之羽。" font=168</text>	<text>text="谁照九天瑶池影，便振遥翮归云间。"font=27</text>	1	0	0	52653	0	0	0.6	8154	0	80	-300	0	100	150	0.6			
153	观月	147	6	4	2	4	3	8	ui\Image\Pets\kp_观月.tga	<text>text="获取线索：限纯阳弟子，凤声细细，遗落之羽。"font=168</text>	<text>text="流光浮动舞玉羽，月下临泉观道心。"font=27</text>	1	0	0	52654	0	0	0.6	8155	0	80	-300	0	100	150	0.6			
154	聆松	156	6	4	2	4	3	8	ui\Image\Pets\kp_聆松.tga	<text>text="获取线索：限纯阳弟子，凤声细细，遗落之羽。" font=168</text>	<text>text="万壑声起尽松音，独立林中且听风。"font=27</text>	1	0	0	52655	0	0	0.6	8156	0	80	-300	0	100	150	0.6			
155	昊苍	150	6	4	3	4	2	8	ui\Image\Pets\kp_昊苍.tga	<text>text="获取线索：限天策弟子，平定乱世，狼牙当诛。" font=168</text>	<text>text="昊穹长啸霜晨月，一身独立临苍巅。" font=27</text>	1	0	0	52656	0	0	1	8162	0	80	-300	0	100	150	1			
156	雪影	166	6	4	3	4	2	8	ui\Image\Pets\kp_雪影.tga	<text>text="获取线索：限天策弟子，平定乱世，狼牙当诛。" font=168</text>	<text>text="雪原驰影斗虎豹，凛寒孤心本不群。" font=27</text>	1	0	0	52657	0	0	1	8164	0	80	-300	0	100	150	1			
157	风霆	146	6	4	3	4	2	8	ui\Image\Pets\kp_风霆.tga	<text>text="获取线索：限天策弟子，平定乱世，狼牙当诛。" font=168</text>	<text>text="势如霹雳龙蛇惧，奔突远趋动风霆。" font=27</text>	1	0	0	52658	0	0	1	8165	0	80	-300	0	100	150	1			
158	越泽	172	6	4	3	4	2	8	ui\Image\Pets\kp_越泽.tga	<text>text="获取线索：限天策弟子，平定乱世，狼牙当诛。" font=168</text>	<text>text="矫身信纵越重泽，足踏惊雷绝天涯。" font=27</text>	1	0	0	52659	0	0	1	8163	0	80	-300	0	100	150	1			
159	疾幽	152	6	4	3	4	2	8	ui\Image\Pets\kp_疾幽.tga	<text>text="获取线索：限天策弟子，平定乱世，狼牙当诛。" font=168</text>	<text>text="疾电裂空破混沌，玄影无迹探幽皋。" font=27</text>	1	0	0	52660	0	0	1	8166	0	80	-300	0	100	150	1			
160	黛眉	143	6	4	3	4	2	8	ui\Image\Pets\kp_黛眉.tga	<text>text="获取线索：限七秀弟子，碧波盈盈，游子牵情。" font=168</text>	<text>text="青烟淡笼远山颦，黛色新着犹昨画。" font=27</text>	1	0	0	52667	0	0	1.5	8147	0	80	-300	0	100	150	1.5			
161	绾桃	164	6	4	3	4	2	8	ui\Image\Pets\kp_绾桃.tga	<text>text="获取线索：限七秀弟子，碧波盈盈，游子牵情。" font=168</text>	<text>text="一枝横斜春风里，云鬓凝光绾夭华。" font=27</text>	1	0	0	52668	0	0	1.5	8148	0	80	-300	0	100	150	1.5			
162	湫瞳	160	6	4	3	4	2	8	ui\Image\Pets\kp_湫瞳.tga	<text>text="获取线索：限七秀弟子，碧波盈盈，游子牵情。" font=168</text>	<text>text="三千潋滟动秋心，盈盈剪尽相思意。" font=27</text>	1	0	0	52669	0	0	1.5	8149	0	80	-300	0	100	150	1.5			
163	绯心	145	6	4	3	4	2	8	ui\Image\Pets\kp_绯心.tga	<text>text="获取线索：限七秀弟子，碧波盈盈，游子牵情。" font=168</text>	<text>text="小袖连翩舞霓裳，谁点朱砂记眉心。 " font=27</text>	1	0	0	52670	0	0	1.5	8150	0	80	-300	0	100	150	1.5			
164	嫣染	167	6	4	3	4	2	8	ui\Image\Pets\kp_嫣染.tga	<text>text="获取线索：限七秀弟子，碧波盈盈，游子牵情。" font=168</text>	<text>text="箫管寄情逗嫣然，碧桃入画扇染香。" font=27</text>	1	0	0	52671	0	0	1.5	8151	0	80	-300	0	100	150	1.5			
165	悟凡	165	6	4	3	4	2	8	ui\Image\Pets\kp_悟凡.tga	<text>text="获取线索：限少林弟子，普度众生，功德无量。" font=168</text>	<text>text="嬉笑腾挪悟凡尘，九窍玲珑参众生。" font=27</text>	1	0	0	52672	0	0	1	8137	0	80	-300	0	100	150	1			
166	灵心	154	6	4	3	4	2	8	ui\Image\Pets\kp_灵心.tga	<text>text="获取线索：限少林弟子，普度众生，功德无量。" font=168</text>	<text>text="方寸灵台却前事，瞑目只观菩提心。" font=27</text>	1	0	0	52673	0	0	1	8138	0	80	-300	0	100	150	1			
167	明意	157	6	4	3	4	2	8	ui\Image\Pets\kp_明意.tga	<text>text="获取线索：限少林弟子，普度众生，功德无量。" font=168</text>	<text>text="莲台趺坐持清净，意如明镜照因缘。" font=27</text>	1	0	0	52674	0	0	1	8139	0	80	-300	0	100	150	1			
168	谛梵	144	6	4	3	4	2	8	ui\Image\Pets\kp_谛梵.tga	<text>text="获取线索：限少林弟子，普度众生，功德无量。" font=168</text>	<text>text="青灯燃香忘痴嗔，五蕴皆空听梵音。" font=27</text>	1	0	0	52675	0	0	1	8140	0	80	-300	0	100	150	1			
169	知禅	175	6	4	3	4	2	8	ui\Image\Pets\kp_知禅.tga	<text>text="获取线索：限少林弟子，普度众生，功德无量。" font=168</text>	<text>text="花开指上拈取笑，竹隐禅心偕暮归。" font=27</text>	1	0	0	52676	0	0	1	8141	0	80	-300	0	100	150	1			
170	霜锋	161	6	4	3	4	2	8	ui\Image\Pets\kp_霜锋.tga	<text>text="获取线索：限藏剑弟子，剑谷弃剑，剑主神伤。" font=168</text>	<text>text="霜光乍开冲牛斗，三尺青锋斩邪祟。" font=27</text>	1	0	0	52677	0	0	1.3	8157	0	80	-300	0	100	150	1.3			
171	云渊	174	6	4	3	4	2	8	ui\Image\Pets\kp_云渊.tga	<text>text="获取线索：限藏剑弟子，剑谷弃剑，剑主神伤。" font=168</text>	<text>text="轻身腾起掠云去，逐风跃渊疾千里。" font=27</text>	1	0	0	52678	0	0	1.3	8159	0	80	-300	0	100	150	1.3			
172	青阳	159	6	4	3	4	2	8	ui\Image\Pets\kp_青阳.tga	<text>text="获取线索：限藏剑弟子，剑谷弃剑，剑主神伤。" font=168</text>	<text>text="春风三月渡钱江，青阳临岁启花朝。" font=27</text>	1	0	0	52679	0	0	1.3	8160	0	80	-300	0	100	150	1.3			
173	寒烟	149	6	4	3	4	2	8	ui\Image\Pets\kp_寒烟.tga	<text>text="获取线索：限藏剑弟子，剑谷弃剑，剑主神伤。" font=168</text>	<text>text="清电忽过步惊寒，飒沓无踪隐如烟。" font=27</text>	1	0	0	52680	0	0	1.3	8158	0	80	-300	0	100	150	1.3			
174	鸣玉	158	6	4	3	4	2	8	ui\Image\Pets\kp_鸣玉.tga	<text>text="获取线索：限藏剑弟子，剑谷弃剑，剑主神伤。" font=168</text>	<text>text="击玉为歌鸣剑意，万金掷去买酒回。" font=27</text>	1	0	0	52681	0	0	1.3	8161	0	80	-300	0	100	150	1.3			
175	华羽	151	6	4	2	4	3	8	ui\Image\Pets\kp_华羽.tga	<text>text="获取线索：限五毒弟子，沼泽瘴疠，义施援手。"font=168</text>	<text>text="华光落羽绘锦屏，独栖仙乡远流年。"font=27</text>	1	0	0	52682	0	0	1	8142	0	80	-300	0	100	150	1			
176	惊虹	153	6	4	2	4	3	8	ui\Image\Pets\kp_惊虹.tga	<text>text="获取线索：限五毒弟子，沼泽瘴疠，义施援手。"font=168</text>	<text>text="一曲清舞惊九天，便裁虹色织绣衣。"font=27</text>	1	0	0	52683	0	0	1	8143	0	80	-300	0	100	150	1			
177	素翎	162	6	4	2	4	3	8	ui\Image\Pets\kp_素翎.tga	<text>text="获取线索：限五毒弟子，沼泽瘴疠，义施援手。"font=168</text>	<text>text="灵秀天成傲凡羽，玉雪为魂着素裳。"font=27</text>	1	0	0	52684	0	0	1	8144	0	80	-300	0	100	150	1			
178	璨星	142	6	4	2	4	3	8	ui\Image\Pets\kp_璨星.tga	<text>text="获取线索：限五毒弟子，沼泽瘴疠，义施援手。"font=168</text>	<text>text="璨彩浮金曜尘寰，从容闲步倾众生。"font=27</text>	1	0	0	52685	0	0	1	8146	0	80	-300	0	100	150	1			
179	银月	168	6	4	2	4	3	8	ui\Image\Pets\kp_银月.tga	<text>text="获取线索：限五毒弟子，沼泽瘴疠，义施援手。"font=168</text>	<text>text="琢银叠玉化仙身，清泉濯羽伴月眠。"font=27</text>	1	0	0	52686	0	0	1	8145	0	80	-300	0	100	150	1			
180	琢玉	176	6	4	3	4	2	8	ui\Image\Pets\kp_琢玉.tga	<text>text="获取线索：限万花弟子，雅逸闲情，幽谷野趣。"font=168</text>	<text>text="天工巧致造风流，切磋琢磨凝匠心。"font=27</text>	1	0	0	52687	0	0	1	8167	0	80	-300	0	100	150	1			
181	云萝	173	6	4	3	4	2	8	ui\Image\Pets\kp_云萝.tga	<text>text="获取线索：限万花弟子，雅逸闲情，幽谷野趣。"font=168</text>	<text>text="云间拾径采药去，青萝绕溪忘归期。"font=27</text>	1	0	0	52688	0	0	1	8168	0	80	-300	0	100	150	1			
182	雨墨	171	6	4	3	4	2	8	ui\Image\Pets\kp_雨墨.tga	<text>text="获取线索：限万花弟子，雅逸闲情，幽谷野趣。"font=168</text>	<text>text="雨翻山岚风满楼，几点入诗湮墨色。"font=27</text>	1	0	0	52689	0	0	1	8169	0	80	-300	0	100	150	1			
183	银朱	169	6	4	3	4	2	8	ui\Image\Pets\kp_银朱.tga	<text>text="获取线索：限万花弟子，雅逸闲情，幽谷野趣。"font=168</text>	<text>text="妙笔绘成丹青意，指染朱砂缠情思。"font=27</text>	1	0	0	52690	0	0	1	8170	0	80	-300	0	100	150	1			
184	檀书	163	6	4	3	4	2	8	ui\Image\Pets\kp_檀书.tga	<text>text="获取线索：限万花弟子，雅逸闲情，幽谷野趣。"font=168</text>	<text>text="数缕檀烟暗香渡，漫卷诗书挑灯花。"font=27</text>	1	0	0	52691	0	0	1	8171	0	80	-300	0	100	150	1			
185	一七令	187	6	4	3	5	2;10	11;10	ui\Image\Pets\kp_七七.tga	<text>text="获取线索：多种运营活动。" font=168</text>	<text>text="自从都尉别苏句，便到司空送白辞。" font=65</text><text>text="\\\n【限时类跟宠】" font=18</text>	1	1	1	52797	0	0	1	8185	0	80	-300	0	100	150	1			
186	文文	140	6	4	3	5	2;10	11;10	ui\Image\Pets\kp_文文.tga	<text>text="获取线索：多种运营活动。" font=168</text>	<text>text="一只头戴帽子的可爱白色小狗。\\\n文文跟静静一样有漂亮的白色毛发，因其出生于书香门第，自幼时便爱进出书堂，所以比别的小狗显得有文采一点。\\\n“文文读书快破万卷了，什么时候能下笔如有神助呢？”" font=65</text><text>text="\\\n【限时类跟宠】" font=18</text>	1	1	1	52798	0	0	1	8186	0	80	-300	0	100	150	1			
187	时多故	186	6	4	3	5	2;10	11;10	ui\Image\Pets\kp_小多.tga	<text>text="获取线索：多种运营活动。" font=168</text>	<text>text="风涛初振海，g鹭各辞林。"font=65</text><text>text="\\\n【限时类跟宠】" font=18</text>	1	1	1	52799	0	0	1	8188	0	80	-300	0	100	150	1			
188	易言	189	6	4	3	5	2;10	11;10	ui\Image\Pets\kp_小爱.tga	<text>text="获取线索：多种运营活动。" font=168</text>	<text>text="未若同心言，一言和同解千结。" font=65</text><text>text="\\\n【限时类跟宠】" font=18</text>	1	1	1	52800	0	0	1	8187	0	80	-300	0	100	150	1			
189	浪淘沙	188	6	4	3	5	2;10	11;10	ui\Image\Pets\kp_浪浪.tga	<text>text="获取线索：多种运营活动。" font=168</text>	<text>text="流水淘沙不暂停，前波未灭后波生。" font=65</text><text>text="\\\n【限时类跟宠】" font=18</text>	1	1	1	52801	0	0	1	8184	0	80	-300	0	100	150	1			
190	小落墨	206	6	4	3	5	2	5	ui\Image\Pets\kp_小落墨.tga	<text>text="获取线索：苍山之巅，蝴蝶泉畔。" font=168</text>	<text>text="这纯黑的毛色，莫不是主人家一不小心打翻了砚台？" font=27</text>	1	0	0	53163	0	0	0.4	8241	0	80	-300	0	100	150				
191	弈棋小龟	207	6	4	1	4	1	5	ui\Image\Pets\kp_弈棋小龟.tga	<text>text="获取线索：归林泽中遇隐士，万宝阁下浪子归。" font=168</text>	<text>text="一只古灵精怪的小乌龟，背上驮着一盘棋局，仔细查看似是一盘死活题。\\\n“一树，一水，一小龟，一花，一人，一局棋。”" font=65</text>	1	0	0	53162	0	0	0.4	8240	0	80	-300	0	100	150				
192	黄袍大统领	197	5	3	2	4	3	5	ui\Image\Pets\kp_黄袍大统领.tga	<text>text="获取线索：极东之海，舍身救主。" font=168</text>	<text>text="黄袍大统领是一只威风凛凛的公鸡！" font=65</text><text>text="\\\n" font=18</text><text>text="一身黄金羽，头戴红毡帽。英姿飒爽，好不威风。" font=65</text>	1	0	0	53186	0	0	1	8239	0	80	-300	0	100	150			1	二级驭兽宠物
193	青蘅	204	6	4	3	4	2	8	ui\Image\Pets\kp_i蘅.tga	<text>text="获取线索：限七秀弟子，碧波盈盈，游子牵情。" font=168</text>	<text>text="朝步兰泽撷幽草，晚来涉江采蘅归。" font=27</text>	1	0	0	53182	0	0	1.5	8236	0	80	-300	0	100	150				
194	风荷	196	6	4	3	4	2	8	ui\Image\Pets\kp_风荷.tga	<text>text="获取线索：限万花弟子，雅逸闲情，幽谷野趣。"font=168</text>	<text>text="风动满池清圆举，小舟一叶载荷来。"font=27</text>	1	0	0	53178	0	0	1	8248	0	80	-300	0	100	150				
195	飞景	194	6	4	3	4	2	8	ui\Image\Pets\kp_飞景.tga	<text>text="获取线索：限藏剑弟子，剑谷弃剑，剑主神伤。" font=168</text>	<text>text="流光飞景醉里看，依山煮酒意逍遥。" font=27</text>	1	0	0	53183	0	0	1.3	8252	0	80	-300	0	100	150				
196	了然	200	6	4	3	4	2	8	ui\Image\Pets\kp_了然.tga	<text>text="获取线索：限少林弟子，普度众生，功德无量。" font=168</text>	<text>text="往来三生皆了然，芥子须弥一笑观。" font=27</text>	1	0	0	53185	0	0	1	8237	0	80	-300	0	100	150				
197	碧灵	191	6	4	2	4	3	8	ui\Image\Pets\kp_碧灵.tga	<text>text="获取线索：限五毒弟子，沼泽瘴疠，义施援手。"font=168</text>	<text>text="碧衣独舞应丝竹，翩然乘月归瑶宫。"font=27</text>	1	0	0	53177	0	0	1	8247	0	80	-300	0	100	150				
198	栖寒	203	6	4	2	4	3	8	ui\Image\Pets\kp_栖寒.tga	<text>text="获取线索：限纯阳弟子，凤声细细，遗落之羽。" font=168</text>	<text>text="性喜清寒栖云山，孤绝只为松石客。"font=27</text>	1	0	0	53297	0	0	0.6	8232	0	80	-300	0	100	150				
199	凌岳	201	6	4	3	4	2	8	ui\Image\Pets\kp_凌岳.tga	<text>text="获取线索：限天策弟子，平定乱世，狼牙当诛。" font=168</text>	<text>text="万仞险峰何足惧，直上峥嵘凌绝顶。" font=27</text>	1	0	0	53184	0	0	1	8238	0	80	-300	0	100	150				
200	云云	208	6	4	3	4	2	8	ui\Image\Pets\kp_云云.tga	<text>text="获取线索：限苍云弟子，雁门关。" font=168</text>	<text>text="“我叫云云，白云的云。因为我的毛色和天空中飘浮的白云一样。”" font=27</text>	1	0	0	53190	0	0	0.21	8244	0	80	-300	0	100	150				
201	路路	202	6	4	3	4	2	8	ui\Image\Pets\kp_路路.tga	<text>text="获取线索：限苍云弟子，雁门关。" font=168</text>	<text>text="“主人说这个头饰造型是关外流行款式！可我看不出来这到底是个什么形状，你知道吗？”" font=27</text>	1	0	0	53191	0	0	0.21	8243	0	80	-300	0	100	150				
202	糖糖	205	6	4	3	4	2	8	ui\Image\Pets\kp_糖糖.tga	<text>text="获取线索：限明教弟子，明教总坛。" font=168</text>	<text>text="“主人说我的毛色和牛奶糖一样。牛奶，我的最爱，喵~”" font=163</text>	1	0	0	53179	0	0	0.3	8249	0	80	-300	0	100	150				
203	妃妃	195	6	4	3	4	2	8	ui\Image\Pets\kp_妃妃.tga	<text>text="获取线索：限明教弟子，明教总坛。" font=168</text>	<text>text="“据说我和猫王小时候很像，你可以叫我小妃妃，不是斐，是妃~喵~”" font=163</text>	1	0	0	53180	0	0	0.3	8250	0	80	-300	0	100	150				
204	豆豆	193	6	4	3	4	2	8	ui\Image\Pets\kp_豆豆.tga	<text>text="获取线索：限明教弟子，明教总坛。" font=168</text>	<text>text="“豆豆的小围脖最好看了~喵……”" font=163</text>	1	0	0	53181	0	0	0.3	8233	0	80	-300	0	100	150				
205	机关猪镖靶	198	6	4	4	4	4	8	ui\Image\Pets\kp_机关猪・镖靶.tga	<text>text="获取线索：限唐门弟子，唐家堡。" font=168</text>	<text>text="唐门秘制机关猪,会卖子弹会卖萌。" font=27</text>	1		0	53188			1.3	8246	0	80	-300	0	100	150				
206	机关猪飞翼	199	6	4	4	4	4	8	ui\Image\Pets\kp_机关猪・假面.tga	<text>text="获取线索：限唐门弟子，唐家堡。" font=168</text>	<text>text="唐门秘制机关猪,会卖子弹会卖萌。" font=27</text>	1		0	53189			1.3	8245	0	80	-300	0	100	150				
207	苍翼	192	6	4	2	4	3	8	ui\Image\Pets\kp_苍翼.tga	<text>text="获取线索：限丐帮弟子，君山总舵。" font=168</text>	<text>text="一只黑翼的隼。" font=65</text><text>text="\\\n" font=18</text><text>text="那凌厉的目光，世间万物尽收其眼底，随意一瞥，直击内心。\\\n“鹰撮霆击，迅猛苍翼。”" font=65</text>	1		0	53187			2.7	8234	0	80	-600	0	100	-150				
208	戏参北斗	209	6	4	4	5	4	9	ui\Image\Pets\kp_戏参北斗.tga	<text>text="获取线索：未得窥尽天数日，戏参北斗又何妨？" font=168</text>	<text>text="方士一生寻幽探秘，行走于一条半阴半明的路上。\\\n传说方士身侧常有一灯笼相伴，上面描画的北斗七星闪烁长夜，为方士指明前路，照亮幽冥。\\\n只有在方士身份下才可以召唤。" font=27</text>	1	0	0	53355	0	0	0.4	8288	0	80	-300	0	100	150				
209	红羽大将军	106	1	3	2	1	3	10	ui\Image\Pets\kp_红羽大将军.tga	<text>text="获取线索：江湖百态驭兽师体验获得。" font=168</text>	<text>text="红羽是一只威武的大公鸡！" font=65</text><text>text="\\\n" font=18</text><text>text="自从红羽击败了上一只梅龙镇斗鸡擂主，赢得了那顶小巧精致的将军盔。它就有了“大将军”这个称号，从那天起，它走起路来，就越发像一个威风凛凛的大将军了！" font=65</text><text>text="\\\n【限时类跟宠】" font=18</text>	1		1	41274			1	6802	0	80	-300	0	100	150	1		1	一级驭兽宠物
210	云梦	211	6	4	3	5	2	6	ui\Image\Pets\kp_云梦鹿.tga	<text>text="获取线索：官网七周年充值回馈活动。" font=168</text>	<text>text="似是梦中才会出现的幻之鹿。" font=163</text>	1	0	0	53974	0	0	0.5	8440	0	80	-300	0	100	150	1	-1	0	
211	九影	210	6	4	3	5	2	6	ui\Image\Pets\kp_九影豹.tga	<text>text="获取线索：官网七周年充值回馈活动。" font=168</text>	<text>text="幽暗之影遮蔽身形，身体散发出侵袭的气息。" font=163</text>	1	0	0	53973	0	0	0.5	8439	0	80	-300	0	100	150	1	-1	0	
212	苗疆客	215	5	3	1	4	1	5	ui\Image\Pets\kp_苗疆客.tga	<text>text="获取线索：密林深处，人心难测。" font=168</text>	<text>text="苗疆水泽深处的独行客，被一个阴森可怖的牛头遮挡了容貌。\\\n“没人知道我长什么样，我自己也不知道。”" font=65</text>	1	0	0	55138	0	0	0.7	8588	0	80	-300	0	100	150	1	-1	0	
213	甜豆	218	5	4	3	4	2	5	ui\Image\Pets\kp_甜豆.tga	<text>text="获取线索：洞庭景，君山客。" font=168</text>	<text>text="“我背上的那颗草莓是最甜的！”" font=27</text>	1	0	0	55160	0	0	1.2	8591	0	80	-300	0	100	150	1	-1	0	
214	火璃	213	6	4	3	5	2	5	ui\Image\Pets\kp_火璃.tga	<text>text="获取线索：塞上青草间，飘然白云外。" font=168</text>	<text>text="古有狄山，传上古火神祝融居于此，其子太子长琴曾点化一狐，名为火璃，其毛色光亮深红如火，且十分聪慧通灵，喜欢与人亲近嬉耍，但有些畏水。" font=27</text>	1	0	0	55161	0	0	1.2	8592	0	80	-300	0	100	150	1	-1	0	
215	骞雷	214	6	4	3	4	2	8	ui\Image\Pets\kp_骞雷.tga	<text>text="获取线索：限霸刀弟子，可口野味，饕餮大熊。" font=168</text>	<text>text="疾电骞飞裂青冥，刀引风雷动北关。" font=27</text>	1	0	0	55162	0	0	1.1	8593	0	80	-300	0	100	150	1	-1	0	
216	映霜	220	6	4	3	4	2	8	ui\Image\Pets\kp_映霜.tga	<text>text="获取线索：限霸刀弟子，可口野味，饕餮大熊。" font=168</text>	<text>text="山月照林白露起，流霜映谷浮清光。" font=27</text>	1	0	0	55163	0	0	1.1	8594	0	80	-300	0	100	150	1	-1	0	
217	璎珞	219	6	4	3	4	2	8	ui\Image\Pets\kp_璎珞.tga	<text>text="获取线索：限霸刀弟子，可口野味，饕餮大熊。" font=168</text>	<text>text="榴珠绛玉散银盘，泠响应歌笑语传。" font=27</text>	1	0	0	55164	0	0	1.1	8595	0	80	-300	0	100	150	1	-1	0	
218	重雪	221	6	4	3	4	2	8	ui\Image\Pets\kp_重雪.tga	<text>text="获取线索：限霸刀弟子，可口野味，饕餮大熊。" font=168</text>	<text>text="雪重阶前琼花隐，小炉拥衣酌酒观。" font=27</text>	1	0	0	55165	0	0	1.1	8596	0	80	-300	0	100	150	1	-1	0	
219	秋岚	217	6	4	3	4	2	8	ui\Image\Pets\kp_秋岚.tga	<text>text="获取线索：限霸刀弟子，可口野味，饕餮大熊。" font=168</text>	<text>text="微雨带岚逗秋寒，丹枫映霞听晚鸦。" font=27</text>	1	0	0	55166	0	0	1.1	8597	0	80	-300	0	100	150	1	-1	0	
220	逐星	222	6	4	3	4	2	8	ui\Image\Pets\kp_逐星.tga	<text>text="获取线索：限霸刀弟子，可口野味，饕餮大熊。" font=168</text>	<text>text="星垂平野孤月冷，穿山越林影如风。" font=27</text>	1	0	0	55167	0	0	1.1	8598	0	80	-300	0	100	150	1	-1	0	
221	莫离	216	6	4	3	4	2	11;10	ui\Image\Pets\kp_莫离.tga	<text>text="获取线索：多种运营活动。" font=168</text>	<text>text="唐门大小姐唐书雁随父前往霸刀山庄拜访时，十分喜爱山庄中的貂，柳家三少柳静海便亲自为她从山中捉来一只四足乌黑、身上毛色淡金的幼貂，唐书雁为之取名“莫离”。" font=27</text><text>text="\\\n【限时类跟宠】" font=18</text>	1	0	1	55168	0	0	1.1	8589	0	80	-300	0	100	150	1	-1	0	
222	白隐	212	5	4	3	4	2	9	ui\Image\Pets\kp_白隐.tga	<text>text="获取线索：江湖百态驭兽师活动获得。" font=168</text>	<text>text="世间罕有的白虎，体态虽幼，却已然展露出了王者霸气。" font=27</text>	1	0	0	55402	0	0	0.35	8613	0	80	-300	0	100	150	1	-1	0	
223	九灵	178	6	4	3	5	2	10;11	ui\Image\Pets\kp_大耳狐.tga	<text>text="获取线索：多种运营活动。" font=168</text>	<text>text="青丘神泽踏雪来，一点灵心守君侧。" font=27</text><text>text="\\\n" font=18</text><text>text="鹊山东去数百里，有大泽名即翼，有山陵名青丘。青丘南多玉石，北边有异狐，长尾阔耳，传说为仙人点玉石而化。其性聪慧灵动，轻盈活泼，能跳跃抛出并衔住身侧的刀剑。且尤喜随主，若不见主人，便会伫立原地，久不离去。" font=27</text>	1	1	1	52615	0	0	1.2	8132	0	80	-300	0	100	150	1.2		1	五级驭兽宠物
224	鸿福金龙	103	6	4	4	4	4	11;10	ui\Image\Pets\kp_鸿福金龙.tga	<text>text="获取线索：多种运营活动。" font=168</text>	<text>text="鸿运送鸿福，福星映穹庐！" font=27</text>	1	1	1	43958			1.3	6806	0	80	-300	0	100	150	1.3			
225	雄鸡三唱	224	6	4	2	4	3	9	ui\Image\Pets\kp_雄鸡三唱.tga	<text>text="获取线索：酉鸡年春节活动。" font=168</text>	<text>text="雄鸡一声天下白，三唱晨歌复徘徊。\\\n“酉年大吉，叽叽叽叽！”" font=65</text>	1	0	0	57551	0	0	1	8980	0	80	-300	0	100	150	1	-1	0	
226	怒睛争鸣	223	6	4	2	5	2	11	ui\Image\Pets\kp_怒睛争鸣.tga	<text>text="获取线索：充值促销。" font=168</text>	<text>text="晨星始上抱晓鸣，长剑烨华破金钟。\\\n大唐斗鸡之风盛行，有好事者豢养斗鸡，素羽长剑，铜铃玄蓑，走动时雄姿英发，威风凛凛，小鸡们纷纷倾倒。\\\n昴昴：叽！\\\n日日：叽！\\\n星星：叽叽叽！\\\n昴昴、日日：破坏队形，啄它！\\\n星星：叽？\\\n“酉年大吉，叽叽叽叽！”"font=65</text><text>text="\\\n具有【行囊机关】，开启机关后可找其换购趣味道具。" font=18</text>	1	0	0	57550	0	0	1	8979	0	80	-300	0	100	150	1	-1	0	
227	九灵	178	6	4	3	5	2	10;11	ui\Image\Pets\kp_大耳狐.tga	<text>text="获取线索：多种运营活动。" font=168</text>	<text>text="青丘神泽踏雪来，一点灵心守君侧。" font=27</text><text>text="\\\n" font=18</text><text>text="鹊山东去数百里，有大泽名即翼，有山陵名青丘。青丘南多玉石，北边有异狐，长尾阔耳，传说为仙人点玉石而化。其性聪慧灵动，轻盈活泼，能跳跃抛出并衔住身侧的刀剑。且尤喜随主，若不见主人，便会伫立原地，久不离去。" font=27</text>	1	1	1	52615	0	0	1.2	8132	0	80	-300	0	100	150	1.2		1	五级驭兽宠物
228	小叮当	227	6	4	3	5	2	5	ui/Image/Pets/kp_小叮当.tga	<text>text="获取线索：北行镖路，揭开史家势力之争。" font=168</text>	<text>text="叮叮当~叮叮当~小叮当的金铃铛，响起来最好听了！" font=27</text>	1	0	0	58742	0	0	0.4	9246	0	80	-300	0	100	150	1	-1	0	
229	酒海小龟	226	6	4	1	5	1	5	ui/Image/Pets/kp_酒海小龟.tga	<text>text="获取线索：东海来客，所向西南。" font=168</text>	<text>text="一只爱喝酒的小乌龟，背上一直驮着酒坛子，透着浓浓的酒香。\\\n“一海，一坛，一小龟，一醉，一醒，一长梦。”" font=65</text>	1	0	0	58740	0	0	0.4	9248	0	80	-300	0	100	150	1	-1	0	
230	繁花客	225	5	3	1	4	1	5	ui/Image/Pets/kp_繁花客.tga	<text>text="获取线索：雁门雄关，往来商客。" font=168</text>	<text>text="繁花似锦，花儿盛开。\\\n“无论我走到哪里，我都能闻到花香，不信你闻闻，啊~”" font=65</text>	1	0	0	58741	0	0	0.7	9247	0	80	-300	0	100	150	1	-1	0	

 -- by 每天涨停@梦江南 $ Jx3UnPack-PAKV3 jx3.mail@gmail.com