dwID	dwKungFuID	Level	Name	SkillList	SkillLimitList	QixueList	Default
0	0						0
2	10002	95~95	PVE配置	234;235;232;232;232;233;248;246;	232;233;234;235;236;237;498;2589;238;239;240;241;242;243;2572;244;245;246;247;248;249;250;251;252;2581;200;254;255;256;257;258;259;260;261;2563	85,2,5923;86,3,6790;87,3,5931;88,4,2589;89,3,5921;90,4,246;91,4,248;92,1,5930;93,1,6591;94,4,259;95,2,14752;96,1,14757	1
4	10003	95~95	默认连招	232;232;2572;235;243;233;	232;233;234;235;236;237;498;2589;238;239;240;241;242;243;2572;244;245;246;247;248;249;250;251;252;2581;200;254;255;256;257;258;259;260;261;2563	73,2,6594;74,2,5910;75,3,6589;76,2,5906;77,1,5913;78,4,247;79,1,6586;80,2,6595;81,2,6596;82,3,6590;83,1,14750;84,3,14950	1
5	10014	95~95	默认连招	6901;306;367;301;367;367;301;6901;306;367	357;358;359;360;361;362;363;371;372;301;302;303;305;306;367;368;369;370;2674;307;308;309;310;311;364;365;366;588;2690;2699;6901;9335;9341;2681	37,2,5827;38,2,5823;39,4,359;40,1,5846;41,4,316;42,2,6905;43,3,6906;44,1,5843;45,1,6908;46,1,6472;47,1,14834;48,1,14598	1
6	10015	95~95	默认连招	311;2699;309;364;364;365;	357;358;359;360;361;362;363;371;372;301;302;303;305;306;367;368;369;370;2674;307;308;309;310;311;364;365;366;588;2690;2699	25,2,5807;26,1,5810;27,4,362;28,3,5816;29,4,316;30,3,5821;31,1,6758;32,3,6460;33,1,5822;34,1,6472;35,1,14829;36,3,14833	1
7	10021	95~95	默认连招	189;190;180;182;189;190;180;179;179;179;	100;130;131;132;133;134;136;2645;2663;101;137;138;139;140;141;142;143;2654;179;180;181;183;184;228;182;186;187;188;189;190;2636;9465;9466	61,1,5756;62,1,5773;63,2,5774;64,3,5752;65,1,5754;66,3,5767;67,4,2645;68,1,6683;69,1,6686;70,1,5764;71,1,6681;72,1,14643	1
8	10026	95~95	PVE单体	401;6520;403;415;400;400;403;415;400	400;401;402;403;415;480;2611;404;405;411;412;413;422;2620;418;420;423;424;441;442;482;2628;425;426;427;428;433;479;2603;6520;9440;9441;9462;9463	1,2,5657;2,1,5660;3,4,405;4,1,5652;5,1,5669;6,2,5666;7,1,6512;8,1,6527;9,1,6511;10,2,6806;11,1,14821;12,1,6517	
9	10028	95~95	默认连招	101;137;142;142;2663	100;130;131;132;133;134;136;2645;2663;101;137;138;139;140;141;142;143;2654;179;180;181;183;184;228;182;186;187;188;189;190;2636;14963	49,1,5777;50,2,5783;51,1,5782;52,1,5786;53,3,5779;54,3,5789;55,1,13384;56,1,5775;57,1,5781;58,1,6773;59,2,14662;60,1,14963	1
10	10062	95~95	PVE防御	402;411;403;415;400;400;400;415;442;413;	400;401;402;403;415;480;2611;404;405;411;412;413;422;2620;418;420;423;424;441;442;482;2628;425;426;427;428;433;479;2603;6520;9440;9441;9462;9463	11,3,402;12,2,5680;13,4,405;14,3,5695;15,3,6869;16,4,411;17,1,5686;18,2,6528;19,3,5689;20,4,2620;21,4,14827;22,1,14805	
11	10080	95~95	默认连招	556;554;555;569;565;565;565;	546;547;559;561;562;563;564;568;2716;554;555;556;565;566;567;569;2724;3003;537;543;544;553;557;558;570;571;575;2707;545;548;549;550;551;552;573;574;14938	141,1,5873;142,2,5879;143,1,5881;144,4,548;145,2,5886;146,1,5887;147,3,5877;148,1,5874;149,1,6566;150,2,6572;	1
12	10081	95~95	默认配置	553;568;2716;2707;2707;2707;2707;2707;	546;547;559;561;562;563;564;568;2716;554;555;556;565;566;567;569;2724;3003;537;543;544;553;557;558;570;571;575;2707;545;548;549;550;551;552;573;574;14938	157,2,5849;158,2,5868;159,1,5852;160,2,6571;161,1,5864;162,1,6556;163,1,14705;164,2,6569;165,1,6566;166,1,6779;167,4,14710;168,2,14713	1
13	10144	95~95	默认连招	1646;1589;1646;1578;1581;1656;1646;1593;1646;1600;	1577;1578;1579;1580;1581;1589;1593;1596;1600;1610;1613;1645;1646;1647;1649;1651;1655;1656;1940;1663;1664;1665;1666;1667;1668;2750;2768;14910;15053;	97,2,5953;98,2,5954;99,1,5955;100,2,5959;101,1,6799;102,3,5957;103,2,6534;104,4,1667;105,1,5965;106,4,1663;107,1,14605;108,4,14910	1
14	10145	95~95	默认连招	1646;1589;1646;1578;1581;1656;1646;1593;1646;1600;	1577;1578;1579;1580;1581;1589;1593;1596;1600;1610;1613;1645;1646;1647;1649;1651;1655;1656;1940;1663;1664;1665;1666;1667;1668;2750;2768;14910;15053;	97,2,5953;98,2,5954;99,1,5955;100,2,5959;101,1,6799;102,3,5957;103,2,6534;104,4,1667;105,1,5965;106,4,1663;107,1,14605;108,4,14910	1
15	10175	95~95	默认连招	2214;2209;2209;2209;2212;2211;2210;2209;2209;2209;	2209;2210;2211;2212;2213;2214;2215;2216;2217;2218;2219;2220;3702;2221;2222;2223;2224;2225;2226;2227;2228;2965;3046;2229;2230;2231;2232;2233;2234;2235;2957;6626;15121;6621	133,1,6618;134,2,6622;135,2,6629;136,3,6879;137,3,6880;138,1,6632;139,1,6641;140,3,6878;141,1,6694;142,1,6649;143,1,14859;144,1,14863	1
16	10176	95~95	默认连招	2965;2232;2233;2233;2233;2957;2235;	2209;2210;2211;2212;2213;2214;2215;2216;2217;2218;2219;2220;3702;2221;2222;2223;2224;2225;2226;2227;2228;2965;3046;2229;2230;2231;2232;2233;2234;2235;2957;6675;15132	145,1,6661;146,2,6659;147,2,6668;148,2,6669;149,3,6880;150,3,6637;151,2,6673;152,4,2220;153,4,2234;154,4,2965;155,1,14866;156,1,14868	1
17	10224	95~95	默认连招	3087;3101;3095;3095;3095;3096;3093;	3087;3088;3089;3090;3091;3092;3093;3095;3096;3097;3098;3099;3100;3101;3104;3105;3106;3107;3108;3109;3110;3111;3357;3094;3103;3112;3113;3114;3115;3116;3117;3118;15070;6450	193,3,6733;194,2,6473;195,1,5721;196,3,6439;197,1,6887;198,2,6451;199,1,6776;200,1,5703;201,2,6461;202,1,5715;203,1,14854;204,1,14850	1
18	10225	95~95	默认连招	3087;3108;3105;3105;3105;3105;	3087;3088;3089;3090;3091;3092;3093;3095;3096;3097;3098;3099;3100;3101;3104;3105;3106;3107;3108;3109;3110;3111;3357;3094;3103;3112;3113;3114;3115;3116;3117;3118	181,2,6491;182,1,6492;183,1,6495;184,2,6506;185,3,5728;186,2,6451;187,1,6510;188,1,6890;189,2,6461;190,1,5715;191,1,14856;192,1,14857	1
19	10242	95~95	默认连招	3963;3962;3967;3960;3959;3967;14915;	3959;3960;3961;3962;3963;3964;3965;3966;3967;3968;3969;3970;3971;3972;3973;3974;3975;3976;3977;3978;3979;3980;3981;3982;3983;3984;3985;4910;14915	109,2,5972;110,2,5970;111,2,5978;112,1,6717;113,1,5988;114,1,5968;115,1,5980;116,1,6722;117,1,5979;118,1,6725;119,1,14818;120,4,14915	1
20	10243	95~95	PVE防御	3963;3962;3967;3960;3959;3967;14922	3959;3960;3961;3962;3963;3964;3965;3966;3967;3968;3969;3970;3971;3972;3973;3974;3975;3976;3977;3978;3979;3980;3981;3982;3983;3984;3985;4910;14922	121,1,6740;122,2,6743;123,1,6745;124,4,6000;125,2,6898;126,4,3971;127,2,6899;128,2,6764;129,1,6766;130,1,6770;131,1,14677;132,4,14922	1
21	10268	95~95	默认连招	5262;5266;5638;6337;6337;6337;14927	5257;5258;5259;5260;5354;5360;5361;5362;6337;5262;5266;5367;5368;5369;5370;5638;5268;5269;5270;5263;5265;5267;5365;5522;5602;5605;5649;8490;14927	205,2,6812;206,2,6813;207,4,6337;208,2,6820;209,2,6836;210,4,6819;211,2,6832;212,1,6818;213,2,6822;214,3,6814;215,3,6831;216,4,14927	1
23	10026	95~95	默认连招	418;6520;401;403;415;400;400;403;415;400	400;401;402;403;415;480;2611;404;405;411;412;413;422;2620;418;420;423;424;441;442;482;2628;425;426;427;428;433;479;2603;6520;9440;9441;9462;9463	1,2,5657;2,1,5660;3,4,405;4,1,5652;5,1,5669;6,2,5666;7,1,6512;8,1,6527;9,1,6511;10,2,6806;11,1,14821;12,1,6517	1
24	10026	95~95	PVE群体	404;2611;6520;401;403;415;400;400;400;415;	400;401;402;403;415;480;2611;404;405;411;412;413;422;2620;418;420;423;424;441;442;482;2628;425;426;427;428;433;479;2603;6520;9440;9441;9462;9463	1,2,5657;2,1,5660;3,2,5658;4,1,5652;5,1,5669;6,4,2611;7,1,6512;8,1,6527;9,1,6511;10,2,6806;11,1,14821;12,1,6517	
25	10081	95~95	PVE单体	568;2716;2707;2707;2707;2707;2707;	546;547;559;561;562;563;564;568;2716;554;555;556;565;566;567;569;2724;3003;537;543;544;553;557;558;570;571;575;2707;545;548;549;550;551;552;573;574;14938	157,2,5849;158,2,5868;159,1,5852;160,1,5855;161,1,5864;162,1,6556;163,1,14705;164,2,6569;165,1,6566;166,1,6779;167,4,14710;168,2,14713	
26	10081	95~95	PVE群体	568;2716;2707;2707;2707;561;	546;547;559;561;562;563;564;568;2716;554;555;556;565;566;567;569;2724;3003;537;543;544;553;557;558;570;571;575;2707;545;548;549;550;551;552;573;574;14938	157,2,5849;158,1,5869;159,2,5854;160,1,5855;161,1,5864;162,2,6557;163,1,14705;164,2,6569;165,1,6566;166,1,6779;167,4,14710;168,2,14713	0
27	10080	95~95	PVE单体	556;554;555;569;565;565;565;	546;547;559;561;562;563;564;568;2716;554;555;556;565;566;567;569;2724;3003;537;543;544;553;557;558;570;571;575;2707;545;548;549;550;551;552;573;574;14938	169,3,548;170,2,5871;171,1,5881;172,2,5885;173,1,5886;174,1,5887;175,2,5877;176,1,5874;177,1,6566;178,1,5891;179,4,14710;180,1,14938	
28	10080	95~95	PVE群体	554;565;565;555;565;569;	546;547;559;561;562;563;564;568;2716;554;555;556;565;566;567;569;2724;3003;537;543;544;553;557;558;570;571;575;2707;545;548;549;550;551;552;573;574;14938	141,1,5873;142,1,5876;143,2,5875;144,1,5884;145,2,5886;146,2,5888;147,1,5880;148,1,5874;149,1,6566;150,2,6572;	
29	10176	95~95	PVE治疗	2965;2232;2233;2233;2233;2957;2235;	2209;2210;2211;2212;2213;2214;2215;2216;2217;2218;2219;2220;3702;2221;2222;2223;2224;2225;2226;2227;2228;2965;3046;2229;2230;2231;2232;2233;2234;2235;2957;6662;6675;15132	145,1,6661;146,2,6659;147,2,6668;148,2,6669;149,3,6880;150,3,6637;151,2,6673;152,4,2220;153,4,2234;154,4,2965;155,1,14866;156,1,14868	
30	10175	95~95	PVE单体	2214;2209;2209;2209;2212;2211;2210;2209;2209;2209;	2209;2210;2211;2212;2213;2214;2215;2216;2217;2218;2219;2220;3702;2221;2222;2223;2224;2225;2226;2227;2228;2965;3046;2229;2230;2231;2232;2233;2234;2235;2957;6626;15121;6621	133,1,6618;134,2,6622;135,2,6629;136,3,6879;137,3,6880;138,1,6632;139,1,6641;140,3,6878;141,1,6694;142,1,6649;143,1,14859;144,1,14863	
31	10175	95~95	PVE群体	2214;2209;2209;2209;2212;2211;2210;2209;2209;2209;	2209;2210;2211;2212;2213;2214;2215;2216;2217;2218;2219;2220;3702;2221;2222;2223;2224;2225;2226;2227;2228;2965;3046;2229;2230;2231;2232;2233;2234;2235;2957;6626;15121;6621	133,1,6618;134,2,6622;135,2,6629;136,3,6879;137,2,6630;138,1,6632;139,1,6641;140,3,6878;141,1,6694;142,1,6649;143,1,14859;144,1,14863	
32	10242	95~95	PVE单体	3963;3962;3967;3960;3959;3967;14915;	3959;3960;3961;3962;3963;3964;3965;3966;3967;3968;3969;3970;3971;3972;3973;3974;3975;3976;3977;3978;3979;3980;3981;3982;3983;3984;3985;4910;14915	109,2,5972;110,2,5970;111,2,5978;112,1,6717;113,1,5988;114,1,5968;115,1,5980;116,1,6722;117,1,5979;118,1,6725;119,1,14818;120,4,14915	
33	10242	95~95	PVE群体	3963;3962;3967;3960;3959;3967;14915;	3959;3960;3961;3962;3963;3964;3965;3966;3967;3968;3969;3970;3971;3972;3973;3974;3975;3976;3977;3978;3979;3980;3981;3982;3983;3984;3985;4910;14915	109,2,5972;110,3,3964;111,2,5978;112,3,6732;113,1,5988;114,1,5968;115,1,5980;116,1,6722;117,1,5979;118,1,6725;119,1,14818;120,4,14915	
34	10243	95~95	PVE防御	3963;3962;3967;3960;3959;3967;14922	3959;3960;3961;3962;3963;3964;3965;3966;3967;3968;3969;3970;3971;3972;3973;3974;3975;3976;3977;3978;3979;3980;3981;3982;3983;3984;3985;4910;14922	101,1,6740;102,2,6743;103,1,6745;104,4,6000;105,2,6898;106,1,6755;107,2,6899;108,2,6764;109,4,3971;110,1,6770;	
35	10021	95~95	PVE单体	190;189;180;179;2636;2636;2636;2636;2636;186;	100;130;131;132;133;134;136;2645;2663;101;137;138;139;140;141;142;143;2654;179;180;181;183;184;228;182;186;187;188;189;190;2636;9465;9466	61,1,5756;62,1,5773;63,2,5774;64,3,5752;65,1,5754;66,3,5767;67,4,2645;68,1,6683;69,1,6686;70,1,5764;71,1,6681;72,1,14643	
36	10021	95~95	PVE群体	189;190;180;182;189;190;180;179;179;179;	100;130;131;132;133;134;136;2645;2663;101;137;138;139;140;141;142;143;2654;179;180;181;183;184;228;182;186;187;188;189;190;2636;9465;9466	61,2,5753;62,2,5758;63,1,5762;64,1,5771;65,3,5761;66,2,6679;67,4,2645;68,2,14654;69,1,6686;70,1,5764;71,2,14635;72,1,14643	
37	10028	95~95	PVE单体	101;137;142;142;2663	100;130;131;132;133;134;136;2645;2663;101;137;138;139;140;141;142;143;2654;179;180;181;183;184;228;182;186;187;188;189;190;2636;14963	49,1,5777;50,2,5783;51,1,5782;52,1,5786;53,3,5779;54,3,5789;55,1,13384;56,1,5775;57,1,5781;58,1,6773;59,2,14662;60,1,14963	
38	10028	95~95	PVE群体	101;142;142;2663;136;142	100;130;131;132;133;134;136;2645;2663;101;137;138;139;140;141;142;143;2654;179;180;181;183;184;228;182;186;187;188;189;190;2636;14963	49,1,5777;50,2,5783;51,2,5776;52,3,5797;53,3,14659;54,3,5789;55,1,13384;56,1,5775;57,1,5781;58,1,6773;59,2,14662;60,1,14666	
39	10224	95~95	PVE单体	3087;3101;3095;3095;3095;3096;3093;	3087;3088;3089;3090;3091;3092;3093;3095;3096;3097;3098;3099;3100;3101;3104;3105;3106;3107;3108;3109;3110;3111;3357;3094;3103;3112;3113;3114;3115;3116;3117;3118;15070;6450	193,3,6733;194,2,6473;195,1,5721;196,3,6439;197,1,6887;198,2,6451;199,1,6776;200,1,5703;201,2,6461;202,1,5715;203,1,14854;204,1,14850	
40	10224	95~95	PVE群体	3087;3096;3101;3097;3097;3096;3097;3097;3101;	3087;3088;3089;3090;3091;3092;3093;3095;3096;3097;3098;3099;3100;3101;3104;3105;3106;3107;3108;3109;3110;3111;3357;3094;3103;3112;3113;3114;3115;3116;3117;3118;15070;6450	193,3,6733;194,2,6473;195,3,5722;196,1,6888;197,2,6446;198,2,6451;199,3,6455;200,2,6891;201,2,6461;202,1,5715;203,1,14854;204,1,14850	
41	10225	95~95	PVE单体	3087;3108;3105;3105;3105;3105;	3087;3088;3089;3090;3091;3092;3093;3095;3096;3097;3098;3099;3100;3101;3104;3105;3106;3107;3108;3109;3110;3111;3357;3094;3103;3112;3113;3114;3115;3116;3117;3118	181,2,6491;182,1,6492;183,1,6495;184,2,6506;185,3,5728;186,2,6451;187,1,6510;188,1,6890;189,2,6461;190,1,5715;191,1,14856;192,1,14857	
42	10225	95~95	PVE群体	3108;3087;6444;6444;3105;3105;3105;	3087;3088;3089;3090;3091;3092;3093;3095;3096;3097;3098;3099;3100;3101;3104;3105;3106;3107;3108;3109;3110;3111;3357;3094;3103;3112;3113;3114;3115;3116;3117;3118	181,2,6491;182,1,6492;183,3,6443;184,2,6506;185,3,5728;186,2,6451;187,3,6455;188,2,6891;189,2,6461;190,1,5715;191,1,14856;192,1,14857	0
43	10145	95~95	PVE伤害	1646;1589;1646;1578;1581;1656;1646;1593;1646;1600;	1577;1578;1579;1580;1581;1589;1593;1596;1600;1610;1613;1645;1646;1647;1649;1651;1655;1656;1940;1663;1664;1665;1666;1667;1668;2750;2768;14910;15053;	97,2,5953;98,2,5954;99,1,5955;100,2,5959;101,1,6799;102,3,5957;103,2,6534;104,4,1667;105,1,5965;106,4,1663;107,1,14605;108,4,14910	
44	10144	95~95	PVE伤害	1646;1589;1646;1578;1581;1656;1646;1593;1646;1600;	1577;1578;1579;1580;1581;1589;1593;1596;1600;1610;1613;1645;1646;1647;1649;1651;1655;1656;1940;1663;1664;1665;1666;1667;1668;2750;2768;14910;15053;	97,2,5953;98,2,5954;99,1,5955;100,2,5959;101,1,6799;102,3,5957;103,2,6534;104,4,1667;105,1,5965;106,4,1663;107,1,14605;108,4,14910	
45	10015	95~95	PVE单体	311;2699;309;364;364;365;	357;358;359;360;361;362;363;371;372;301;302;303;305;306;367;368;369;370;2674;307;308;309;310;311;364;365;366;588;2690;2699	25,2,5807;26,1,5810;27,4,362;28,3,5816;29,4,316;30,3,5821;31,1,6758;32,3,6460;33,1,5822;34,1,6472;35,1,14829;36,3,14833	
46	10015	95~95	PVE群体	311;2699;309;365;364;365;	357;358;359;360;361;362;363;371;372;301;302;303;305;306;367;368;369;370;2674;307;308;309;310;311;364;365;366;588;2690;2699	25,2,5807;26,1,5810;27,2,5800;28,3,5816;29,4,316;30,3,5821;31,4,361;32,3,6460;33,1,5822;34,1,6472;35,1,14829;36,3,14833	
47	10014	95~95	PVE单体	6901;306;367;301;367;367;301;6901;306;367	357;358;359;360;361;362;363;371;372;301;302;303;305;306;367;368;369;370;2674;307;308;309;310;311;364;365;366;588;2690;2699;6901;9335;9341;2681	37,2,5827;38,2,5823;39,4,359;40,1,5846;41,4,316;42,2,6905;43,3,6906;44,1,5843;45,1,6908;46,1,6472;47,1,14834;48,1,14598	
48	10014	95~95	PVE群体	6901;306;367;301;367;367;301;6901;306;367	357;358;359;360;361;362;363;371;372;301;302;303;305;306;367;368;369;370;2674;307;308;309;310;311;364;365;366;588;2690;2699;6901;9335;9341;2681	37,2,5827;38,2,5823;39,2,5830;40,1,5846;41,4,316;42,2,6905;43,3,6906;44,1,5843;45,1,6908;46,1,6472;47,3,14994;48,1,14598	0
49	10002	95~95	PVE防御	234;235;232;232;232;233;248;246;	232;233;234;235;236;237;498;2589;238;239;240;241;242;243;2572;244;245;246;247;248;249;250;251;252;2581;200;254;255;256;257;258;259;260;261;2563	85,2,5923;86,3,6790;87,3,5931;88,4,2589;89,3,5921;90,4,246;91,4,248;92,1,5930;93,1,6591;94,4,259;95,2,14752;96,1,14757	
50	10003	95~95	PVE单体	2572;235;232;232;243;233;	232;233;234;235;236;237;498;2589;238;239;240;241;242;243;2572;244;245;246;247;248;249;250;251;252;2581;200;254;255;256;257;258;259;260;261;2563	73,2,6594;74,2,5910;75,3,6589;76,2,5906;77,1,5913;78,4,247;79,1,6586;80,2,6595;81,2,6596;82,3,6590;83,1,14750;84,3,14950	
51	10003	95~95	PVE群体	235;232;232;232;233;	232;233;234;235;236;237;498;2589;238;239;240;241;242;243;2572;244;245;246;247;248;249;250;251;252;2581;200;254;255;256;257;258;259;260;261;2563	73,2,6594;74,1,14745;75,3,6589;76,3,5899;77,1,5913;78,4,247;79,1,6586;80,2,6595;81,2,6596;82,3,6590;83,1,14750;84,1,14757;,,	
52	10268	95~95	PVE单体	5262;5266;5638;6337;6337;6337;14927	5257;5258;5259;5260;5354;5360;5361;5362;6337;5262;5266;5367;5368;5369;5370;5638;5268;5269;5270;5263;5265;5267;5365;5522;5602;5605;5649;8490;14927	205,2,6812;206,2,6813;207,4,6337;208,2,6820;209,2,6836;210,4,6819;211,2,6832;212,1,6818;213,2,6822;214,3,6814;215,3,6831;216,4,14927	
53	10268	95~95	PVE群体	5258;5260;5258;6337;5638;6337;6337;6337;5260;5267	5257;5258;5259;5260;5354;5360;5361;5362;6337;5262;5266;5367;5368;5369;5370;5638;5268;5269;5270;5263;5265;5267;5365;5522;5602;5605;5649;8490;14927	205,2,6812;206,2,6813;207,4,6337;208,2,6820;209,2,6836;210,4,6819;211,2,6832;212,2,6824;213,2,6840;214,3,6814;215,4,14626;216,4,14927	
54	10062	95~95	默认连招	402;411;403;415;400;400;400;415;442;413;	400;401;402;403;415;480;2611;404;405;411;412;413;422;2620;418;420;423;424;441;442;482;2628;425;426;427;428;433;479;2603;6520;9440;9441;9462;9463	11,3,402;12,2,5680;13,4,405;14,3,5695;15,3,6869;16,4,411;17,1,5686;18,2,6528;19,3,5689;20,4,2620;21,4,14827;22,1,14805	1
55	10026	1~5	1~5	400;400;400;	403;400;415;401;404;413;412;422;418;442;424;423;427;428;425;433;426;479;402;411;405;482;480;2611;2628;2603;6520;;	1,1,5656;2,1,5660;3,1,5662;4,2,5678;5,1,5669;6,2,5666;7,1,6512;8,1,6527;9,1,6511;10,1,14825;11,1,14821;12,1,6517	1
56	10026	6~10	6~10	403;400;400;400;400;	400;401;402;403;415;480;2611;404;405;411;412;413;422;2620;418;420;423;424;441;442;482;2628;425;426;427;428;433;479;2603;6520;9440;9441;9462;9463	1,1,5656;2,1,5660;3,1,5662;4,2,5678;5,1,5669;6,2,5666;7,1,6512;8,1,6527;9,1,6511;10,1,14825;11,1,14821;12,1,6517	1
57	10026	11~23	11~23	401;403;400;400;400;415;	403;400;415;401;404;413;412;422;418;442;424;423;427;428;425;433;426;479;402;411;405;482;480;2611;2628;2603;6520;;	1,1,5656;2,1,5660;3,1,5662;4,2,5678;5,1,5669;6,2,5666;7,1,6512;8,1,6527;9,1,6511;10,1,14825;11,1,14821;12,1,6517	1
58	10026	24~31	24~31	418;401;403;415;400;400;400;415	400;401;402;403;415;480;2611;404;405;411;412;413;422;2620;418;420;423;424;441;442;482;2628;425;426;427;428;433;479;2603;6520;9440;9441;9462;9463	1,1,5656;2,1,5660;3,1,5662;4,2,5678;5,1,5669;6,2,5666;7,1,6512;8,1,6527;9,1,6511;10,1,14825;11,1,14821;12,1,6517	1
59	10026	32~94	32~94	418;401;6520;403;415;400;400;400;415;423	400;401;402;403;415;480;2611;404;405;411;412;413;422;2620;418;420;423;424;441;442;482;2628;425;426;427;428;433;479;2603;6520;9440;9441;9462;9463	1,1,5656;2,1,5660;3,1,5662;4,2,5678;5,1,5669;6,2,5666;7,1,6512;8,1,6527;9,1,6511;10,1,14825;11,1,14821;12,1,6517	1
61	10081	1~5	1~5	537;553;553;553;	546;547;559;561;562;563;564;568;2716;554;555;556;565;566;567;569;2724;3003;537;543;544;553;557;558;570;571;575;2707;545;548;549;550;551;552;573;574;14938	157,1,5848;158,2,5868;159,1,5852;160,1,5855;161,1,5864;162,2,6557;163,2,6561;164,2,6569;165,1,6566;166,1,6779;167,2,14934;168,1,14705	1
62	10081	6~10	6~10	537;2707;2707;2707;553;	546;547;559;561;562;563;564;568;2716;554;555;556;565;566;567;569;2724;3003;537;543;544;553;557;558;570;571;575;2707;545;548;549;550;551;552;573;574;14938	157,1,5848;158,2,5868;159,1,5852;160,1,5855;161,1,5864;162,2,6557;163,2,6561;164,2,6569;165,1,6566;166,1,6779;167,2,14934;168,1,14705	1
63	10081	11~15	11~15	537;561;2707;2707;2707;553;	546;547;559;561;562;563;564;568;2716;554;555;556;565;566;567;569;2724;3003;537;543;544;553;557;558;570;571;575;2707;545;548;549;550;551;552;573;574;14938	157,1,5848;158,2,5868;159,1,5852;160,1,5855;161,1,5864;162,2,6557;163,2,6561;164,2,6569;165,1,6566;166,1,6779;167,2,14934;168,1,14705	1
64	10081	16~35	16~35	537;562;561;2707;2707;2707;553;	546;547;559;561;562;563;564;568;2716;554;555;556;565;566;567;569;2724;3003;537;543;544;553;557;558;570;571;575;2707;545;548;549;550;551;552;573;574;14938	157,1,5848;158,2,5868;159,1,5852;160,1,5855;161,1,5864;162,2,6557;163,2,6561;164,2,6569;165,1,6566;166,1,6779;167,2,14934;168,1,14705	1
65	10081	36~94	36~94	537;562;561;2707;2707;2707;553;2716;	546;547;559;561;562;563;564;568;2716;554;555;556;565;566;567;569;2724;3003;537;543;544;553;557;558;570;571;575;2707;545;548;549;550;551;552;573;574;14938	157,1,5848;158,2,5868;159,1,5852;160,1,5855;161,1,5864;162,2,6557;163,2,6561;164,2,6569;165,1,6566;166,1,6779;167,2,14934;168,1,14705	1
66	10175	1~5	1~5	2209;2209;2209;	2209;2210;2211;2212;2213;2214;2215;2216;2217;2218;2219;2220;3702;2221;2222;2223;2224;2225;2226;2227;2228;2965;3046;2229;2230;2231;2232;2233;2234;2235;2957;6626;15121	133,1,6618;134,2,6622;135,2,6629;136,3,6879;137,1,6625;138,1,6632;139,1,6641;140,3,6878;141,1,6694;142,1,6649;143,1,14859;144,1,14863	1
67	10175	6~10	6~10	2211;2209;2209;2209;	2209;2210;2211;2212;2213;2214;2215;2216;2217;2218;2219;2220;3702;2221;2222;2223;2224;2225;2226;2227;2228;2965;3046;2229;2230;2231;2232;2233;2234;2235;2957;6626;15121	133,1,6618;134,2,6622;135,2,6629;136,3,6879;137,1,6625;138,1,6632;139,1,6641;140,3,6878;141,1,6694;142,1,6649;143,1,14859;144,1,14863	1
68	10175	11~29	11~29	2212;2211;2209;2209;2209;	2209;2210;2211;2212;2213;2214;2215;2216;2217;2218;2219;2220;3702;2221;2222;2223;2224;2225;2226;2227;2228;2965;3046;2229;2230;2231;2232;2233;2234;2235;2957;6626;15121	133,1,6618;134,2,6622;135,2,6629;136,3,6879;137,1,6625;138,1,6632;139,1,6641;140,3,6878;141,1,6694;142,1,6649;143,1,14859;144,1,14863	1
69	10175	30~94	30~94	2212;2211;2210;2209;2209;2209;	2209;2210;2211;2212;2213;2214;2215;2216;2217;2218;2219;2220;3702;2221;2222;2223;2224;2225;2226;2227;2228;2965;3046;2229;2230;2231;2232;2233;2234;2235;2957;6626;15121;	133,1,6618;134,2,6622;135,2,6629;136,3,6879;137,1,6625;138,1,6632;139,1,6641;140,3,6878;141,1,6694;142,1,6649;143,1,14859;144,1,14863	1
70	10242	1~5	1~5	3962;3962;3962;	3959;3960;3961;3962;3963;3964;3965;3966;3967;3968;3969;3970;3971;3972;3973;3974;3975;3976;3977;3978;3979;3980;3981;3982;3983;3984;3985;4910	109,1,5969;110,1,5971;111,2,5978;112,1,6717;113,1,5988;114,1,5968;115,1,5980;116,1,6722;117,1,5979;118,1,6725;119,1,14818;120,1,14819	1
71	10242	6~10	6~10	3962;3962;3967;	3959;3960;3961;3962;3963;3964;3965;3966;3967;3968;3969;3970;3971;3972;3973;3974;3975;3976;3977;3978;3979;3980;3981;3982;3983;3984;3985;4910	109,1,5969;110,1,5971;111,2,5978;112,1,6717;113,1,5988;114,1,5968;115,1,5980;116,1,6722;117,1,5979;118,1,6725;119,1,14818;120,1,14819	1
72	10242	11~31	11~31	3963;3962;3962;3967;	3959;3960;3961;3962;3963;3964;3965;3966;3967;3968;3969;3970;3971;3972;3973;3974;3975;3976;3977;3978;3979;3980;3981;3982;3983;3984;3985;4910	109,1,5969;110,1,5971;111,2,5978;112,1,6717;113,1,5988;114,1,5968;115,1,5980;116,1,6722;117,1,5979;118,1,6725;119,1,14818;120,1,14819	1
73	10242	32~94	32~94	3960;3963;3962;3962;3967;	3959;3960;3961;3962;3963;3964;3965;3966;3967;3968;3969;3970;3971;3972;3973;3974;3975;3976;3977;3978;3979;3980;3981;3982;3983;3984;3985;4910	109,1,5969;110,1,5971;111,2,5978;112,1,6717;113,1,5988;114,1,5968;115,1,5980;116,1,6722;117,1,5979;118,1,6725;119,1,14818;120,1,14819	1
74	10021	1~5	1~5	179;179;179;	100;130;131;132;133;134;136;2645;2663;101;137;138;139;140;141;142;143;2654;179;180;181;183;184;228;182;186;187;188;189;190;2636;9465;9466;14965	61,1,5756;62,1,5773;63,2,5774;64,3,5752;65,1,5754;66,3,5767;67,1,5796;68,1,6683;69,1,6686;70,1,5764;71,1,6681;72,1,14643	1
75	10021	6~10	6~10	180;179;179;179;	100;130;131;132;133;134;136;2645;2663;101;137;138;139;140;141;142;143;2654;179;180;181;183;184;228;182;186;187;188;189;190;2636;9465;9466	61,1,5756;62,1,5773;63,2,5774;64,3,5752;65,1,5754;66,3,5767;67,1,5796;68,1,6683;69,1,6686;70,1,5764;71,1,6681;72,1,14643	1
76	10021	11~16	11~16	180;182;179;179;179;	100;130;131;132;133;134;136;2645;2663;101;137;138;139;140;141;142;143;2654;179;180;181;183;184;228;182;186;187;188;189;190;2636;9465;9466	61,1,5756;62,1,5773;63,2,5774;64,3,5752;65,1,5754;66,3,5767;67,1,5796;68,1,6683;69,1,6686;70,1,5764;71,1,6681;72,1,14643	1
77	10021	17~31	17~31	189;180;182;179;179;179;	100;130;131;132;133;134;136;2645;2663;101;137;138;139;140;141;142;143;2654;179;180;181;183;184;228;182;186;187;188;189;190;2636;9465;9466	61,1,5756;62,1,5773;63,2,5774;64,3,5752;65,1,5754;66,3,5767;67,1,5796;68,1,6683;69,1,6686;70,1,5764;71,1,6681;72,1,14643	1
78	10021	32~94	32~94	190;189;180;182;179;179;179;	100;130;131;132;133;134;136;2645;2663;101;137;138;139;140;141;142;143;2654;179;180;181;183;184;228;182;186;187;188;189;190;2636;9465;9466	61,1,5756;62,1,5773;63,2,5774;64,3,5752;65,1,5754;66,3,5767;67,1,5796;68,1,6683;69,1,6686;70,1,5764;71,1,6681;72,1,14643	1
79	10224	1~5	1~5	3095;3095;3095;	3087;3088;3089;3090;3091;3092;3093;3095;3096;3097;3098;3099;3100;3101;3104;3105;3106;3107;3108;3109;3110;3111;3357;3094;3103;3112;3113;3114;3115;3116;3117;3118;15070;6450	193,1,6436;194,1,6438;195,1,5721;196,1,6888;197,1,6887;198,2,6451;199,1,6776;200,1,5703;201,1,6459;202,1,5715;203,1,14854;204,1,14850	1
80	10224	6~10	6~10	3095;3093;3093;	3087;3088;3089;3090;3091;3092;3093;3095;3096;3097;3098;3099;3100;3101;3104;3105;3106;3107;3108;3109;3110;3111;3357;3094;3103;3112;3113;3114;3115;3116;3117;3118;15070;6450	193,1,6436;194,1,6438;195,1,5721;196,1,6888;197,1,6887;198,2,6451;199,1,6776;200,1,5703;201,1,6459;202,1,5715;203,1,14854;204,1,14850	1
81	10224	11~15	11~15	3095;3095;3095;3096;3093;	3087;3088;3089;3090;3091;3092;3093;3095;3096;3097;3098;3099;3100;3101;3104;3105;3106;3107;3108;3109;3110;3111;3357;3094;3103;3112;3113;3114;3115;3116;3117;3118;15070;6450	193,1,6436;194,1,6438;195,1,5721;196,1,6888;197,1,6887;198,2,6451;199,1,6776;200,1,5703;201,1,6459;202,1,5715;203,1,14854;204,1,14850	1
82	10224	16~27	16~27	3101;3095;3095;3095;3096;3093;	3087;3088;3089;3090;3091;3092;3093;3095;3096;3097;3098;3099;3100;3101;3104;3105;3106;3107;3108;3109;3110;3111;3357;3094;3103;3112;3113;3114;3115;3116;3117;3118;15070;6450	193,1,6436;194,1,6438;195,1,5721;196,1,6888;197,1,6887;198,2,6451;199,1,6776;200,1,5703;201,1,6459;202,1,5715;203,1,14854;204,1,14850	1
83	10224	28~94	28~94	3087;3101;3095;3095;3095;3096;3093;	3087;3088;3089;3090;3091;3092;3093;3095;3096;3097;3098;3099;3100;3101;3104;3105;3106;3107;3108;3109;3110;3111;3357;3094;3103;3112;3113;3114;3115;3116;3117;3118;15070;6450	193,1,6436;194,1,6438;195,1,5721;196,1,6888;197,1,6887;198,2,6451;199,1,6776;200,1,5703;201,1,6459;202,1,5715;203,1,14854;204,1,14850	1
84	10145	1~5	1~5	1579;1579;1579;	1577;1578;1579;1580;1581;1589;1593;1596;1600;1610;1613;1645;1646;1647;1649;1651;1655;1656;1940;1663;1664;1665;1666;1667;1668;2750;2768;14910;15053;	97,1,5951;98,2,5954;99,1,5955;100,2,5959;101,1,6799;102,1,5944;103,2,6534;104,1,14600;105,2,6542;106,1,6548;107,3,6543;108,2,14603	1
85	10145	6~10	6~10	1646;1579;1579;	1577;1578;1579;1580;1581;1589;1593;1596;1600;1610;1613;1645;1646;1647;1649;1651;1655;1656;1940;1663;1664;1665;1666;1667;1668;2750;2768;14910;15053;	97,1,5951;98,2,5954;99,1,5955;100,2,5959;101,1,6799;102,1,5944;103,2,6534;104,1,14600;105,2,6542;106,1,6548;107,3,6543;108,2,14603	1
86	10015	1~22	1~22	311;309;364;364;365;	357;358;359;360;361;362;363;371;372;301;302;303;305;306;367;368;369;370;2674;307;308;309;310;311;364;365;366;588;2690;2699	25,1,5801;26,1,5810;27,1,5799;28,1,5817;29,1,5820;30,3,5821;31,1,6758;32,3,6460;33,1,5822;34,1,6472;35,3,14830;36,1,14598	1
87	10015	23~94	23~94	311;2699;309;364;364;364;365;	357;358;359;360;361;362;363;371;372;301;302;303;305;306;367;368;369;370;2674;307;308;309;310;311;364;365;366;588;2690;2699	25,1,5801;26,1,5810;27,1,5799;28,1,5817;29,1,5820;30,3,5821;31,1,6758;32,3,6460;33,1,5822;34,1,6472;35,3,14830;36,1,14598	1
88	10145	11~14	11~14	1646;1579;1646;1579;	1577;1578;1579;1580;1581;1589;1593;1596;1600;1610;1613;1645;1646;1647;1649;1651;1655;1656;1940;1663;1664;1665;1666;1667;1668;2750;2768;14910;15053;	97,1,5951;98,2,5954;99,1,5955;100,2,5959;101,1,6799;102,1,5944;103,2,6534;104,1,14600;105,2,6542;106,1,6548;107,3,6543;108,2,14603	1
89	10145	15~19	15~19	1646;1579;1646;1579;1656;1593;1600;1600;	1577;1578;1579;1580;1581;1589;1593;1596;1600;1610;1613;1645;1646;1647;1649;1651;1655;1656;1940;1663;1664;1665;1666;1667;1668;2750;2768;14910;15053;	97,1,5951;98,2,5954;99,1,5955;100,2,5959;101,1,6799;102,1,5944;103,2,6534;104,1,14600;105,2,6542;106,1,6548;107,3,6543;108,2,14603	1
90	10145	20~94	20~94	1646;1579;1646;1579;1656;1593;1600;1600;	1577;1578;1579;1580;1581;1589;1593;1596;1600;1610;1613;1645;1646;1647;1649;1651;1655;1656;1940;1663;1664;1665;1666;1667;1668;2750;2768;14910;15053;	97,1,5951;98,2,5954;99,1,5955;100,2,5959;101,1,6799;102,1,5944;103,2,6534;104,1,14600;105,2,6542;106,1,6548;107,3,6543;108,2,14603	1
91	10225	1~27	1~27	3108;3105;3093;	3087;3088;3089;3090;3091;3092;3093;3095;3096;3097;3098;3099;3100;3101;3104;3105;3106;3107;3108;3109;3110;3111;3357;3094;3103;3112;3113;3114;3115;3116;3117;3118	181,1,6490;182,2,6493;183,1,6495;184,2,6506;185,1,6441;186,2,6451;187,1,6510;188,1,6890;189,2,6461;190,1,5715;191,1,14856;192,1,14857	1
92	10225	28~94	28~94	3087;3108;3105;3093;	3087;3088;3089;3090;3091;3092;3093;3095;3096;3097;3098;3099;3100;3101;3104;3105;3106;3107;3108;3109;3110;3111;3357;3094;3103;3112;3113;3114;3115;3116;3117;3118	181,1,6490;182,2,6493;183,1,6495;184,2,6506;185,1,6441;186,2,6451;187,1,6510;188,1,6890;189,2,6461;190,1,5715;191,1,14856;192,1,14857	1
93	10144	1~5	1~5	1579;1579;1579;	1577;1578;1579;1580;1581;1589;1593;1596;1600;1610;1613;1645;1646;1647;1649;1651;1655;1656;1940;1663;1664;1665;1666;1667;1668;2750;2768;14910;15053;	97,1,5951;98,2,5954;99,1,5955;100,2,5959;101,1,6799;102,1,5944;103,2,6534;104,1,14600;105,2,6542;106,1,6548;107,3,6543;108,2,14603	1
94	10144	6~10	6~10	1646;1579;1579;	1577;1578;1579;1580;1581;1589;1593;1596;1600;1610;1613;1645;1646;1647;1649;1651;1655;1656;1940;1663;1664;1665;1666;1667;1668;2750;2768;14910;15053;	97,1,5951;98,2,5954;99,1,5955;100,2,5959;101,1,6799;102,1,5944;103,2,6534;104,1,14600;105,2,6542;106,1,6548;107,3,6543;108,2,14603	1
95	10144	11~14	11~14	1646;1579;1646;1579;	1577;1578;1579;1580;1581;1589;1593;1596;1600;1610;1613;1645;1646;1647;1649;1651;1655;1656;1940;1663;1664;1665;1666;1667;1668;2750;2768;14910;15053;	97,1,5951;98,2,5954;99,1,5955;100,2,5959;101,1,6799;102,1,5944;103,2,6534;104,1,14600;105,2,6542;106,1,6548;107,3,6543;108,2,14603	1
96	10144	15~19	15~19	1646;1579;1646;1579;1656;1593;1600;1600;	1577;1578;1579;1580;1581;1589;1593;1596;1600;1610;1613;1645;1646;1647;1649;1651;1655;1656;1940;1663;1664;1665;1666;1667;1668;2750;2768;14910;15053;	97,1,5951;98,2,5954;99,1,5955;100,2,5959;101,1,6799;102,1,5944;103,2,6534;104,1,14600;105,2,6542;106,1,6548;107,3,6543;108,2,14603	1
97	10144	20~94	20~94	1646;1579;1646;1579;1656;1593;1600;1600;	1577;1578;1579;1580;1581;1589;1593;1596;1600;1610;1613;1645;1646;1647;1649;1651;1655;1656;1940;1663;1664;1665;1666;1667;1668;2750;2768;14910;15053;	97,1,5951;98,2,5954;99,1,5955;100,2,5959;101,1,6799;102,1,5944;103,2,6534;104,1,14600;105,2,6542;106,1,6548;107,3,6543;108,2,14603	1
98	10268	1~5	1~5	5258;5258;5258;	5257;5258;5259;5260;5354;5360;5361;5362;6337;5262;5266;5367;5368;5369;5370;5638;5268;5269;5270;5263;5265;5267;5365;5522;5602;5605;5649;8490;14927	205,1,6809;206,2,6813;207,1,6815;208,2,6820;209,1,6823;210,1,6855;211,1,6831;212,2,6824;213,1,6839;214,3,6814;215,3,14629;216,1,6839	1
99	10268	6~10	6~10	5258;5258;5258;5259;	5257;5258;5259;5260;5354;5360;5361;5362;6337;5262;5266;5367;5368;5369;5370;5638;5268;5269;5270;5263;5265;5267;5365;5522;5602;5605;5649;8490;14927	205,1,6809;206,2,6813;207,1,6815;208,2,6820;209,1,6823;210,1,6855;211,1,6831;212,2,6824;213,1,6839;214,3,6814;215,3,14629;216,1,6839	1
100	10268	11~14	11~14	5258;5258;5258;5259;5257;	5257;5258;5259;5260;5354;5360;5361;5362;6337;5262;5266;5367;5368;5369;5370;5638;5268;5269;5270;5263;5265;5267;5365;5522;5602;5605;5649;8490;14927	205,1,6809;206,2,6813;207,1,6815;208,2,6820;209,1,6823;210,1,6855;211,1,6831;212,2,6824;213,1,6839;214,3,6814;215,3,14629;216,1,6839	1
101	10268	15~27	15~27	5258;5258;5258;5638;	5257;5258;5259;5260;5354;5360;5361;5362;6337;5262;5266;5367;5368;5369;5370;5638;5268;5269;5270;5263;5265;5267;5365;5522;5602;5605;5649;8490;14927	205,1,6809;206,2,6813;207,1,6815;208,2,6820;209,1,6823;210,1,6855;211,1,6831;212,2,6824;213,1,6839;214,3,6814;215,3,14629;216,1,6839	1
102	10268	28~94	28~94	5257;5638;5259;5258;5258;5258;5638;	5257;5258;5259;5260;5354;5360;5361;5362;6337;5262;5266;5367;5368;5369;5370;5638;5268;5269;5270;5263;5265;5267;5365;5522;5602;5605;5649;8490;14927	205,1,6809;206,2,6813;207,1,6815;208,2,6820;209,1,6823;210,1,6855;211,1,6831;212,2,6824;213,1,6839;214,3,6814;215,3,14629;216,1,6839	1
103	10003	1~5	1~5	232;232;232;	232;233;234;235;236;237;498;2589;238;239;240;241;242;243;2572;244;245;246;247;248;249;250;251;252;2581;200;254;255;256;257;258;259;260;261;2563	73,1,5896;74,1,14745;75,2,5912;76,1,5903;77,1,5913;78,2,14762;79,1,6586;80,2,6595;81,2,6596;82,3,6590;83,1,14750;84,1,14757;,,	1
104	10003	6~10	6~10	232;232;232;233;	232;233;234;235;236;237;498;2589;238;239;240;241;242;243;2572;244;245;246;247;248;249;250;251;252;2581;200;254;255;256;257;258;259;260;261;2563	73,1,5896;74,1,14745;75,2,5912;76,1,5903;77,1,5913;78,2,14762;79,1,6586;80,2,6595;81,2,6596;82,3,6590;83,1,14750;84,1,14757;,,	1
105	10003	11~14	11~14	232;232;2572;233;	232;233;234;235;236;237;498;2589;238;239;240;241;242;243;2572;244;245;246;247;248;249;250;251;252;2581;200;254;255;256;257;258;259;260;261;2563	73,1,5896;74,1,14745;75,2,5912;76,1,5903;77,1,5913;78,2,14762;79,1,6586;80,2,6595;81,2,6596;82,3,6590;83,1,14750;84,1,14757;,,	1
106	10003	15~31	15~31	232;232;2572;235;233;	232;233;234;235;236;237;498;2589;238;239;240;241;242;243;2572;244;245;246;247;248;249;250;251;252;2581;200;254;255;256;257;258;259;260;261;2563	73,1,5896;74,1,14745;75,2,5912;76,1,5903;77,1,5913;78,2,14762;79,1,6586;80,2,6595;81,2,6596;82,3,6590;83,1,14750;84,1,14757;,,	1
107	10003	32~94	32~94	232;232;2572;235;243;233;	232;233;234;235;236;237;498;2589;238;239;240;241;242;243;2572;244;245;246;247;248;249;250;251;252;2581;200;254;255;256;257;258;259;260;261;2563	73,1,5896;74,1,14745;75,2,5912;76,1,5903;77,1,5913;78,2,14762;79,1,6586;80,2,6595;81,2,6596;82,3,6590;83,1,14750;84,1,14757;,,	1
108	10014	1~5	1~5	367;367;367	357;358;359;360;361;362;363;371;372;301;302;303;305;306;367;368;369;370;2674;307;308;309;310;311;364;365;366;588;2690;2699;6901;9335;9341;2681	37,1,5840;38,2,5823;39,1,5799;40,1,5846;41,1,5829;42,2,6905;43,3,6906;44,1,5843;45,1,6908;46,1,6472;47,3,14994;48,1,14598	1
109	10014	6~10	6~10	367;367;301	357;358;359;360;361;362;363;371;372;301;302;303;305;306;367;368;369;370;2674;307;308;309;310;311;364;365;366;588;2690;2699;6901;9335;9341;2681	37,1,5840;38,2,5823;39,1,5799;40,1,5846;41,1,5829;42,2,6905;43,3,6906;44,1,5843;45,1,6908;46,1,6472;47,3,14994;48,1,14598	1
110	10014	11~50	11~50	367;367;301;306;	357;358;359;360;361;362;363;371;372;301;302;303;305;306;367;368;369;370;2674;307;308;309;310;311;364;365;366;588;2690;2699;6901;9335;9341;2681	37,1,5840;38,2,5823;39,1,5799;40,1,5846;41,1,5829;42,2,6905;43,3,6906;44,1,5843;45,1,6908;46,1,6472;47,3,14994;48,1,14598	1
111	10014	51~94	51~94	6901;367;367;301;306;	357;358;359;360;361;362;363;371;372;301;302;303;305;306;367;368;369;370;2674;307;308;309;310;311;364;365;366;588;2690;2699;6901;9335;9341;2681	37,1,5840;38,2,5823;39,1,5799;40,1,5846;41,1,5829;42,2,6905;43,3,6906;44,1,5843;45,1,6908;46,1,6472;47,3,14994;48,1,14598	1
112	10390	1~5	1~5	13044;13044;13044	13044;13047;13046;13045;13052;13055;13054;13053;13048;13050;13068;13049;13424;13070;13040;13042;13067;13152;13153;13071;13072;13386;13051	229,1,13317;230,2,13121;231,3,13088;232,1,13120;233,1,13103;234,2,13133;235,2,13152;236,1,13097;237,1,13304;238,1,13366;239,1,14838;240,1,14842	1
113	10390	6~10	6~10	13044;13047	13044;13047;13046;13045;13052;13055;13054;13053;13048;13050;13068;13049;13424;13070;13040;13042;13067;13152;13153;13071;13072;13386;13051	229,1,13317;230,2,13121;231,3,13088;232,1,13120;233,1,13103;234,2,13133;235,2,13152;236,1,13097;237,1,13304;238,1,13366;239,1,14838;240,1,14842	1
114	10390	21~32	21~32	13044;13047;13046;13048	13044;13047;13046;13045;13052;13055;13054;13053;13048;13050;13068;13049;13424;13070;13040;13042;13067;13152;13153;13071;13072;13386;13051	229,1,13317;230,2,13121;231,3,13088;232,1,13120;233,1,13103;234,2,13133;235,2,13152;236,1,13097;237,1,13304;238,1,13366;239,1,14838;240,1,14842	1
115	10390	33~94	33~94	13044;13047;13046;13048;13045	13044;13047;13046;13045;13052;13055;13054;13053;13048;13050;13068;13049;13424;13070;13040;13042;13067;13152;13153;13071;13072;13386;13051	229,1,13317;230,2,13121;231,3,13088;232,1,13120;233,1,13103;234,2,13133;235,2,13152;236,1,13097;237,1,13304;238,1,13366;239,1,14838;240,1,14842	1
116	10390	95~95	PVE单体	13044;13047;13046;13045;13050;13053;13054;13055;13051	13044;13047;13046;13045;13052;13055;13054;13053;13048;13050;13068;13049;13424;13070;13040;13042;13067;13152;13153;13071;13072;13386;13051	229,1,13317;230,1,13087;231,2,13090;232,3,13086;233,1,13103;234,2,13133;235,1,14903;236,4,13126;237,1,13304;238,1,13366;239,1,14838;240,1,14842	
117	10390	95~95	PVE群体	13048;13044;13047;13046;13045;13050;13054;13055;13051	13044;13047;13046;13045;13052;13055;13054;13053;13048;13050;13068;13049;13424;13070;13040;13042;13067;13152;13153;13071;13072;13386;13051	229,3,13318;230,1,13087;231,3,13088;232,2,13278;233,1,13103;234,2,13133;235,1,14903;236,4,13126;237,1,13304;238,1,13366;239,1,14838;240,1,14842	0
118	10390	95~95	默认连招	13044;13047;13046;13045;13050;13053;13054;13055;13051	13044;13047;13046;13045;13052;13055;13054;13053;13048;13050;13068;13049;13424;13070;13040;13042;13067;13152;13153;13071;13072;13386;13051	229,1,13317;230,1,13087;231,2,13090;232,3,13086;233,1,13103;234,2,13133;235,1,14903;236,4,13126;237,1,13304;238,1,13366;239,1,14838;240,1,14842	1
119	10389	95~95	PVE防御	13044;13046;13045;13424;13391	13044;13047;13046;13045;13052;13055;13054;13053;13048;13050;13068;13049;13424;13070;13040;13042;13067;13152;13153;13071;13072;13386;13051;15072	217,1,13338;218,1,13122;219,3,13141;220,3,13138;221,1,13421;222,3,13368;223,1,13124;224,1,13098;225,1,13304;226,2,13163;227,1,14845;228,4,15072	1
120	10389	95~95	PVE防御	13044;13046;13045;13424;13391	13044;13047;13046;13045;13052;13055;13054;13053;13048;13050;13068;13049;13424;13070;13040;13042;13067;13152;13153;13071;13072;13386;13051;15072	217,1,13338;218,1,13122;219,3,13141;220,3,13138;221,1,13421;222,3,13368;223,1,13124;224,1,13098;225,1,13304;226,2,13163;227,1,14845;228,4,15072	0
121	10390	11~20	11~20	13044;13047;13048	13044;13047;13046;13045;13052;13055;13054;13053;13048;13050;13068;13049;13424;13070;13040;13042;13067;13152;13153;13071;13072;13386;13051	229,1,13317;230,2,13121;231,3,13088;232,1,13120;233,1,13103;234,2,13133;235,2,13152;236,1,13097;237,1,13304;238,1,13366;239,1,14838;240,1,14842	1
122	10447	1~5	1~5	14064;14064;14064;	14064;14065;14066;14067;14068;14069;14229;14070;14230;14072;14232;14076;14224;14223;14225;14222;14082;15092;14083;14081;14084;14097;14093;14095;15068;14302	241,2,14236;242,2,14321;243,2,14437;244,2,14438;245,1,14336;246,1,14282;247,1,14337;248,1,14233;249,1,14284;250,1,14350;251,1,14240;252,1,14441	1
123	10447	6~10	6~10	14064;14065;14064;14064	14064;14065;14066;14067;14068;14069;14229;14070;14230;14072;14232;14076;14224;14223;14225;14222;14082;15092;14083;14081;14084;14097;14093;14095;15068;14302	241,2,14236;242,2,14321;243,2,14437;244,2,14438;245,1,14336;246,1,14282;247,1,14337;248,1,14233;249,1,14284;250,1,14350;251,1,14240;252,1,14441	1
124	10447	11~14	11~14	14064;14065	14064;14065;14066;14067;14068;14069;14229;14070;14230;14072;14232;14076;14224;14223;14225;14222;14082;15092;14083;14081;14084;14097;14093;14095;15068;14302	241,2,14236;242,2,14321;243,2,14437;244,2,14438;245,1,14336;246,1,14282;247,1,14337;248,1,14233;249,1,14284;250,1,14350;251,1,14240;252,1,14441	1
125	10447	15~18	15~18	14064;14065;14067;14068	14064;14065;14066;14067;14068;14069;14229;14070;14230;14072;14232;14076;14224;14223;14225;14222;14082;15092;14083;14081;14084;14097;14093;14095;15068;14302	241,2,14236;242,2,14321;243,2,14437;244,2,14438;245,1,14336;246,1,14282;247,1,14337;248,1,14233;249,1,14284;250,1,14350;251,1,14240;252,1,14441	1
126	10447	19~94	19~94	14064;14065;14066;14067;14068	14064;14065;14066;14067;14068;14069;14229;14070;14230;14072;14232;14076;14224;14223;14225;14222;14082;15092;14083;14081;14084;14097;14093;14095;15068;14302	241,2,14236;242,2,14321;243,2,14437;244,2,14438;245,1,14336;246,1,14282;247,1,14337;248,1,14233;249,1,14284;250,1,14350;251,1,14240;252,1,14441	1
127	10447	95~95	PVE单体	14065;14066;14068;14067;14064;14064;14064	14064;14065;14066;14067;14068;14069;14229;14070;14230;14072;14232;14076;14224;14223;14225;14222;14082;15092;14083;14081;14084;14097;14093;14095;15068;14302	241,2,14236;242,1,14246;243,1,14314;244,1,14280;245,1,14336;246,1,14282;247,1,14337;248,1,14233;249,1,14284;250,1,14350;251,1,14240;252,2,14348	0
128	10447	95~95	PVE群体	14065;14066;14064;14064;14067;14067;14067	14064;14065;14066;14067;14068;14069;14229;14070;14230;14072;14232;14076;14224;14223;14225;14222;14082;15092;14083;14081;14084;14097;14093;14095;15068;14302	241,2,14236;242,2,14321;243,2,14437;244,3,14285;245,1,14336;246,1,14282;247,1,14337;248,3,14873;249,1,14284;250,1,14350;251,1,14240;252,2,14348	0
129	10447	95~95	默认连招	14065;14066;14068;14067;14064;14064;14064	14064;14065;14066;14067;14068;14069;14229;14070;14230;14072;14232;14076;14224;14223;14225;14222;14082;15092;14083;14081;14084;14097;14093;14095;15068;14302	241,2,14236;242,1,14246;243,1,14314;244,1,14280;245,1,14336;246,1,14282;247,1,14337;248,1,14233;249,1,14284;250,1,14350;251,1,14240;252,2,14348	1
130	10448	95~95	PVE治疗	14138;14139;14137;14141;14140;	14137;14141;14138;14140;14139;14069;14229;14070;15090;14071;14231;14076;14075;14074;14154;14073;14082;15092;14081;14084;14097;14169;15068;14303;	253,2,14238;254,2,14373;255,2,14437;256,3,14285;257,1,14405;258,1,14384;259,1,14406;260,3,14461;291,1,14244;262,1,14359;263,1,14242;264,2,14348	0
131	10448	95~95	默认连招	14138;14139;14137;14141;14140;	14137;14141;14138;14140;14139;14069;14229;14070;15090;14071;14231;14076;14075;14074;14154;14073;14082;15092;14081;14084;14097;14169;15068;14303;	253,2,14238;254,2,14373;255,2,14437;256,3,14285;257,1,14405;258,1,14384;259,1,14406;260,3,14461;291,1,14244;262,1,14359;263,1,14242;264,2,14348;	1
132	10464	1~5	1~5	16010;16028;16028;16028	16028;16598;16460;16628;16629;16633;16168;16454;16601;16602;16627;16479;16166;16608;16870;16871;16872;16873;16874;16875;16304;17057;16169;16459;16027;16085;16621;16455;16620;16375;17078;17079;16010	265,1,16691;266,2,16777;267,1,16712;268,1,16779;269,2,16722;270,2,16781;271,3,16765;272,1,16728;273,1,16737;274,4,16735;275,1,16893;276,1,16912	1
133	10464	6~10	6~10	16010;16168;16602;16601;17078;17079;16627;16028;16628;16028;16628	16028;16598;16460;16628;16629;16633;16168;16454;16601;16602;16627;16479;16166;16608;16870;16871;16872;16873;16874;16875;16304;17057;16169;16459;16027;16085;16621;16455;16620;16375;17078;17079;16010	265,1,16691;266,2,16777;267,1,16712;268,1,16779;269,2,16722;270,2,16781;271,3,16765;272,1,16728;273,1,16737;274,4,16735;275,1,16893;276,1,16912	1
134	10464	11~14	11~14	16010;16168;16602;16601;17078;17079;16627;16028;16628;16028;16628	16028;16598;16460;16628;16629;16633;16168;16454;16601;16602;16627;16479;16166;16608;16870;16871;16872;16873;16874;16875;16304;17057;16169;16459;16027;16085;16621;16455;16620;16375;17078;17079;16010	265,1,16691;266,2,16777;267,1,16712;268,1,16779;269,2,16722;270,2,16781;271,3,16765;272,1,16728;273,1,16737;274,4,16735;275,1,16893;276,1,16912	1
135	10464	15~22	15~22	16010;16168;16602;16601;17078;17079;16627;16028;16628;16028;16628	16028;16598;16460;16628;16629;16633;16168;16454;16601;16602;16627;16479;16166;16608;16870;16871;16872;16873;16874;16875;16304;17057;16169;16459;16027;16085;16621;16455;16620;16375;17078;17079;16010	265,1,16691;266,2,16777;267,1,16712;268,1,16779;269,2,16722;270,2,16781;271,3,16765;272,1,16728;273,1,16737;274,4,16735;275,1,16893;276,1,16912	1
136	10464	23~25	23~25	16010;16169;16027;16027;16027;16085	16028;16598;16460;16628;16629;16633;16168;16454;16601;16602;16627;16479;16166;16608;16870;16871;16872;16873;16874;16875;16304;17057;16169;16459;16027;16085;16621;16455;16620;16375;17078;17079;16010	265,1,16691;266,2,16777;267,1,16712;268,1,16779;269,2,16722;270,2,16781;271,3,16765;272,1,16728;273,1,16737;274,4,16735;275,1,16893;276,1,16912	1
137	10464	26~31	26~31	16010;16169;16621;16027;16027;16027	16028;16598;16460;16628;16629;16633;16168;16454;16601;16602;16627;16479;16166;16608;16870;16871;16872;16873;16874;16875;16304;17057;16169;16459;16027;16085;16621;16455;16620;16375;17078;17079;16010	265,1,16691;266,2,16777;267,1,16712;268,1,16779;269,2,16722;270,2,16781;271,3,16765;272,1,16728;273,1,16737;274,4,16735;275,1,16893;276,1,16912	1
138	10464	40~94	40~94	16010;16169;16621;16027;16027;16027;16085;16166;16870;16871;16872;16873;16874;16875;16304	16028;16598;16460;16628;16629;16633;16168;16454;16601;16602;16627;16479;16166;16608;16870;16871;16872;16873;16874;16875;16304;17057;16169;16459;16027;16085;16621;16455;16620;16375;17078;17079;16010	265,1,16691;266,2,16777;267,1,16712;268,1,16779;269,2,16722;270,2,16781;271,3,16765;272,1,16728;273,1,16737;274,4,16735;275,1,16893;276,1,16912	1
139	10464	95~95	PVE单体	16010;16166;17057;16169;16621;16027;16027;16027;16085	16028;16598;16460;16628;16629;16633;16168;16454;16601;16602;16627;16479;16166;16608;16870;16871;16872;16873;16874;16875;16304;17057;16169;16459;16027;16085;16621;16455;16620;16375;17078;17079;16010	265,2,16692;266,2,16777;267,1,16712;268,1,16779;269,1,16752;270,1,17050;271,1,16733;272,1,16728;273,1,16737;274,1,17056;275,1,16977;276,1,16912	
140	10464	95~95	PVE群体	16010;16166;17057;16169;16621;16027;16027;16027;16085	16028;16598;16460;16628;16629;16633;16168;16454;16601;16602;16627;16479;16166;16608;16870;16871;16872;16873;16874;16875;16304;17057;16169;16459;16027;16085;16621;16455;16620;16375;17078;17079;16010	265,2,16692;266,2,16777;267,2,16847;268,1,16779;269,1,16752;270,1,17050;271,1,16733;272,1,16728;273,1,16737;274,1,17056;275,1,16977;276,2,16807	
141	10464	95~95	默认连招	16010;16166;17057;16169;16621;16027;16027;16027;16085	16028;16598;16460;16628;16629;16633;16168;16454;16601;16602;16627;16479;16166;16608;16870;16871;16872;16873;16874;16875;16304;17057;16169;16459;16027;16085;16621;16455;16620;16375;17078;17079;16010	265,2,16692;266,2,16777;267,1,16712;268,1,16779;269,1,16752;270,1,17050;271,1,16733;272,1,16728;273,1,16737;274,1,17056;275,1,16977;276,1,16912	1
142	10464	32~39	32~39	16010;16169;16621;16027;16027;16027;16085;16166;16870;16871;16872;16873;16874;16875;16304	16028;16598;16460;16628;16629;16633;16168;16454;16601;16602;16627;16479;16166;16608;16870;16871;16872;16873;16874;16875;16304;17057;16169;16459;16027;16085;16621;16455;16620;16375;17078;17079;16010	265,1,16691;266,2,16777;267,1,16712;268,1,16779;269,2,16722;270,2,16781;271,3,16765;272,1,16728;273,1,16737;274,4,16735;275,1,16893;276,1,16912	1

 -- by 每天涨停@梦江南 $ Jx3UnPack-PAKV3 jx3.mail@gmail.com