SkillID	SkillLevel	OpenLevel
35	1	70
81	1	10
100	1	44
101	1	15
101	2	15
101	3	15
101	4	15
101	5	15
101	6	15
101	7	15
101	8	17
101	9	20
101	10	23
101	11	26
101	12	29
101	13	32
101	14	35
101	15	38
101	16	41
101	17	44
101	18	47
101	19	50
101	20	54
101	21	58
101	22	62
101	23	66
101	24	70
101	25	74
101	26	78
101	27	82
101	28	86
101	29	90
130	1	40
130	2	40
130	3	40
130	4	50
130	5	60
130	6	70
130	7	80
130	8	90
131	1	36
132	1	16
132	2	16
132	3	32
132	4	44
132	5	56
132	6	68
132	7	80
133	1	38
134	1	26
136	1	48
137	1	15
137	2	15
137	3	15
137	4	15
137	5	15
137	6	15
137	7	15
137	8	16
137	9	19
137	10	22
137	11	25
137	12	28
137	13	31
137	14	34
137	15	37
137	16	40
137	17	43
137	18	46
137	19	49
137	20	52
137	21	56
137	22	60
137	23	64
137	24	68
137	25	72
137	26	76
137	27	80
137	28	84
137	29	88
138	1	15
138	2	15
138	3	15
138	4	15
138	5	15
138	6	15
138	7	15
138	8	18
138	9	21
138	10	24
138	11	27
138	12	30
138	13	33
138	14	36
138	15	39
138	16	42
138	17	45
138	18	48
138	19	51
138	20	55
138	21	59
138	22	63
138	23	67
138	24	71
138	25	75
138	26	79
138	27	83
138	28	87
139	1	32
139	2	32
139	3	52
139	4	72
139	5	89
140	1	28
140	2	28
140	3	28
140	4	33
140	5	38
140	6	43
140	7	48
140	8	53
140	9	58
140	10	63
140	11	68
140	12	73
140	13	78
140	14	83
140	15	88
141	1	24
141	2	24
141	3	36
141	4	50
141	5	62
141	6	74
142	1	15
142	2	15
142	3	16
142	4	17
142	5	18
142	6	19
142	7	20
142	8	21
142	9	22
142	10	23
142	11	25
142	12	28
142	13	31
142	14	34
142	15	37
142	16	40
142	17	43
142	18	46
142	19	49
142	20	52
142	21	56
142	22	60
142	23	64
142	24	68
142	25	72
142	26	76
142	27	80
142	28	84
142	29	88
179	1	1
179	2	15
179	3	16
179	4	17
179	5	18
179	6	19
179	7	20
179	8	21
179	9	22
179	10	24
179	11	27
179	12	30
179	13	33
179	14	36
179	15	39
179	16	42
179	17	45
179	18	48
179	19	51
179	20	55
179	21	59
179	22	63
179	23	67
179	24	71
179	25	75
179	26	79
179	27	83
179	28	87
180	1	6
180	2	15
180	3	16
180	4	17
180	5	18
180	6	19
180	7	20
180	8	21
180	9	22
180	10	23
180	11	26
180	12	29
180	13	32
180	14	35
180	15	38
180	16	41
180	17	44
180	18	47
180	19	50
180	20	54
180	21	58
180	22	62
180	23	66
180	24	70
180	25	74
180	26	78
180	27	82
180	28	86
180	29	90
182	1	11
182	2	15
182	3	16
182	4	17
182	5	18
182	6	19
182	7	20
182	8	21
182	9	22
182	10	23
182	11	25
182	12	28
182	13	31
182	14	34
182	15	37
182	16	40
182	17	43
182	18	46
182	19	49
182	20	52
182	21	56
182	22	60
182	23	64
182	24	68
182	25	72
182	26	76
182	27	80
182	28	84
182	29	88
183	1	34
184	1	44
184	2	54
184	3	64
184	4	70
186	1	28
186	2	28
186	3	48
186	4	68
189	1	17
189	2	17
189	3	17
189	4	21
189	5	25
189	6	29
189	7	33
189	8	37
189	9	41
189	10	45
189	11	49
189	12	53
189	13	57
189	14	60
189	15	63
189	16	67
189	17	70
189	18	73
189	19	76
189	20	79
189	21	82
189	22	85
189	23	88
189	24	90
190	1	32
190	2	32
190	3	32
190	4	35
190	5	38
190	6	41
190	7	44
190	8	47
190	9	50
190	10	53
190	11	57
190	12	61
190	13	65
190	14	69
190	15	73
190	16	77
190	17	81
190	18	85
190	19	89
200	1	40
200	2	40
200	3	40
200	4	50
200	5	60
200	6	70
200	7	80
200	8	90
228	1	30
228	2	30
228	3	35
228	4	50
228	5	65
228	6	80
232	1	1
232	2	15
232	3	16
232	4	17
232	5	18
232	6	19
232	7	20
232	8	21
232	9	22
232	10	24
232	11	27
232	12	30
232	13	33
232	14	36
232	15	39
232	16	42
232	17	45
232	18	48
232	19	51
232	20	55
232	21	59
232	22	63
232	23	67
232	24	71
232	25	75
232	26	79
232	27	83
232	28	87
233	1	6
233	2	15
233	3	16
233	4	17
233	5	18
233	6	19
233	7	20
233	8	21
233	9	22
233	10	23
233	11	26
233	12	29
233	13	32
233	14	35
233	15	38
233	16	41
233	17	44
233	18	47
233	19	50
233	20	54
233	21	58
233	22	62
233	23	66
233	24	70
233	25	74
233	26	78
233	27	82
233	28	86
233	29	90
235	1	15
235	2	15
235	3	16
235	4	17
235	5	18
235	6	19
235	7	20
235	8	21
235	9	22
235	10	23
235	11	25
235	12	28
235	13	31
235	14	34
235	15	37
235	16	40
235	17	43
235	18	46
235	19	49
235	20	52
235	21	56
235	22	60
235	23	64
235	24	68
235	25	72
235	26	76
235	27	80
235	28	84
235	29	88
236	1	16
236	2	16
236	3	33
236	4	52
236	5	71
236	6	89
238	1	56
238	2	26
238	3	26
238	4	27
238	5	29
238	6	30
238	7	33
238	8	36
238	9	39
238	10	42
238	11	45
238	12	48
238	13	51
238	14	54
238	15	58
238	16	62
238	17	66
238	18	70
238	19	74
238	20	78
238	21	82
238	22	86
238	23	90
239	1	38
239	2	46
239	3	54
239	4	62
239	5	70
240	1	34
240	2	44
240	3	54
240	4	64
241	1	10
241	2	15
241	3	16
241	4	17
241	5	18
241	6	19
241	7	20
241	8	21
241	9	22
241	10	23
241	11	25
241	12	28
241	13	31
241	14	34
241	15	37
241	16	40
241	17	43
241	18	46
241	19	49
241	20	52
241	21	56
241	22	60
241	23	64
241	24	68
241	25	72
241	26	76
241	27	80
241	28	84
241	29	88
242	1	40
243	1	32
243	2	32
243	3	32
243	4	35
243	5	38
243	6	41
243	7	44
243	8	47
243	9	50
243	10	53
243	11	57
243	12	61
243	13	65
243	14	69
243	15	73
243	16	77
243	17	81
243	18	85
243	19	89
245	1	77
245	2	78
245	3	79
245	4	80
245	5	81
245	6	82
246	1	18
246	2	30
246	3	42
246	4	54
246	5	66
246	6	78
247	1	28
247	2	38
247	3	48
247	4	58
247	5	68
249	1	40
249	2	50
249	3	60
249	4	70
252	1	28
252	2	28
252	3	55
257	1	60
258	1	48
259	1	34
259	2	44
260	1	36
261	1	44
261	2	44
261	3	64
261	4	84
301	1	6
301	2	15
301	3	16
301	4	17
301	5	18
301	6	19
301	7	20
301	8	21
301	9	22
301	10	23
301	11	24
301	12	25
301	13	26
301	14	27
301	15	28
301	16	29
301	17	30
301	18	33
301	19	36
301	20	39
301	21	42
301	22	45
301	23	48
301	24	51
301	25	54
301	26	57
301	27	60
301	28	63
301	29	66
301	30	69
301	31	73
301	32	77
301	33	81
301	34	85
301	35	89
303	1	28
303	2	20
303	3	28
303	4	30
303	5	32
303	6	35
303	7	38
303	8	41
303	9	44
303	10	47
303	11	50
303	12	53
303	13	56
303	14	59
303	15	62
303	16	65
303	17	68
303	18	71
303	19	75
303	20	79
303	21	83
303	22	87
305	1	52
305	2	62
305	3	63
306	1	11
306	2	15
306	3	16
306	4	17
306	5	18
306	6	19
306	7	20
306	8	21
306	9	22
306	10	23
306	11	24
306	12	25
306	13	28
306	14	30
306	15	32
306	16	35
306	17	38
306	18	41
306	19	44
306	20	47
306	21	50
306	22	53
306	23	56
306	24	59
306	25	62
306	26	65
306	27	68
306	28	72
306	29	76
306	30	80
306	31	84
306	32	88
309	1	15
309	2	16
309	3	17
309	4	18
309	5	19
309	6	20
309	7	21
309	8	22
309	9	23
309	10	24
309	11	25
309	12	26
309	13	28
309	14	30
309	15	32
309	16	35
309	17	38
309	18	41
309	19	44
309	20	47
309	21	50
309	22	53
309	23	56
309	24	59
309	25	62
309	26	65
309	27	68
309	28	72
309	29	76
309	30	80
309	31	84
309	32	88
311	1	15
311	2	15
311	3	15
311	4	16
311	5	17
311	6	18
311	7	19
311	8	21
311	9	23
311	10	25
311	11	27
311	12	29
311	13	31
311	14	34
311	15	37
311	16	40
311	17	43
311	18	46
311	19	49
311	20	52
311	21	55
311	22	58
311	23	61
311	24	64
311	25	67
311	26	70
311	27	74
311	28	78
311	29	82
311	30	86
311	31	90
312	1	24
312	2	24
312	3	24
312	4	24
312	5	26
312	6	36
312	7	46
312	8	56
312	9	66
312	10	76
313	1	44
346	1	30
346	2	30
346	3	30
346	4	30
346	5	30
346	6	40
346	7	50
346	8	60
346	9	70
346	10	80
355	1	40
357	1	44
358	1	16
363	1	60
364	1	15
364	2	16
364	3	17
364	4	18
364	5	19
364	6	20
364	7	21
364	8	22
364	9	23
364	10	24
364	11	25
364	12	26
364	13	27
364	14	29
364	15	31
364	16	34
364	17	37
364	18	40
364	19	43
364	20	46
364	21	49
364	22	52
364	23	55
364	24	58
364	25	61
364	26	64
364	27	67
364	28	70
364	29	74
364	30	78
364	31	82
364	32	86
364	33	90
365	1	15
365	2	16
365	3	17
365	4	18
365	5	19
365	6	20
365	7	21
365	8	22
365	9	23
365	10	24
365	11	25
365	12	26
365	13	27
365	14	28
365	15	29
365	16	30
365	17	31
365	18	33
365	19	36
365	20	39
365	21	42
365	22	45
365	23	48
365	24	51
365	25	54
365	26	57
365	27	60
365	28	63
365	29	66
365	30	69
365	31	73
365	32	77
365	33	81
365	34	85
365	35	89
366	1	32
367	1	1
367	2	15
367	3	16
367	4	17
367	5	18
367	6	19
367	7	20
367	8	21
367	9	22
367	10	23
367	11	24
367	12	25
367	13	27
367	14	29
367	15	31
367	16	34
367	17	37
367	18	40
367	19	43
367	20	46
367	21	49
367	22	52
367	23	55
367	24	58
367	25	61
367	26	64
367	27	67
367	28	70
367	29	74
367	30	78
367	31	82
367	32	86
367	33	90
368	1	15
368	2	15
368	3	15
368	4	16
368	5	17
368	6	18
368	7	19
368	8	21
368	9	23
368	10	25
368	11	27
368	12	29
368	13	31
368	14	34
368	15	37
368	16	40
368	17	43
368	18	46
368	19	49
368	20	52
368	21	55
368	22	58
368	23	61
368	24	64
368	25	67
368	26	70
368	27	74
368	28	78
368	29	82
368	30	86
368	31	89
369	1	32
369	2	40
369	3	48
369	4	56
369	5	64
370	1	34
371	1	48
372	1	48
400	1	10
400	2	15
400	3	16
400	4	17
400	5	18
400	6	19
400	7	20
400	8	21
400	9	22
400	10	24
400	11	27
400	12	30
400	13	33
400	14	36
400	15	39
400	16	42
400	17	45
400	18	48
400	19	51
400	20	55
400	21	59
400	22	63
400	23	67
400	24	71
400	25	75
400	26	79
400	27	83
400	28	87
401	1	16
401	2	17
401	3	19
401	4	22
401	5	24
401	6	26
401	7	28
401	8	30
401	9	33
401	10	36
401	11	39
401	12	42
401	13	45
401	14	48
401	15	51
401	16	54
401	17	58
401	18	62
401	19	66
401	20	70
401	21	74
401	22	78
401	23	82
401	24	86
401	25	90
402	1	24
402	2	32
402	3	40
402	4	48
402	5	56
402	6	64
403	1	6
403	2	15
403	3	16
403	4	17
403	5	18
403	6	19
403	7	20
403	8	21
403	9	22
403	10	23
403	11	24
403	12	29
403	13	32
403	14	35
403	15	38
403	16	41
403	17	44
403	18	47
403	19	50
403	20	54
403	21	58
403	22	62
403	23	66
403	24	70
403	25	74
403	26	78
403	27	82
403	28	86
403	29	90
404	1	40
404	2	40
404	3	40
404	4	50
404	5	60
404	6	70
404	7	80
404	8	90
405	1	28
405	2	38
405	3	48
405	4	58
405	5	68
412	1	48
413	1	44
415	1	11
415	2	15
415	3	16
415	4	17
415	5	18
415	6	19
415	7	20
415	8	21
415	9	22
415	10	23
415	11	25
415	12	28
415	13	31
415	14	34
415	15	37
415	16	40
415	17	43
415	18	46
415	19	49
415	20	52
415	21	56
415	22	60
415	23	64
415	24	68
415	25	72
415	26	76
415	27	80
415	28	84
415	29	90
418	1	15
418	2	25
418	3	40
418	4	55
418	5	70
418	6	86
422	1	64
422	2	64
422	3	72
422	4	80
422	5	88
423	1	32
423	2	32
423	3	32
423	4	35
423	5	38
423	6	41
423	7	44
423	8	47
423	9	50
423	10	53
423	11	57
423	12	61
423	13	65
423	14	69
423	15	73
423	16	77
423	17	81
423	18	85
423	19	89
424	1	30
424	2	30
424	3	35
424	4	50
424	5	75
424	6	89
425	1	52
425	2	52
425	3	62
425	4	72
425	5	82
426	1	60
427	1	24
427	2	26
427	3	28
427	4	30
427	5	32
427	6	34
427	7	36
427	8	38
427	9	40
427	10	42
427	11	44
427	12	46
427	13	48
427	14	50
427	15	52
427	16	54
427	17	56
427	18	58
427	19	60
427	20	62
427	21	64
427	22	66
427	23	68
427	24	70
427	25	72
427	26	76
427	27	80
427	28	84
427	29	88
428	1	28
428	2	28
428	3	38
428	4	50
428	5	64
428	6	76
428	7	88
433	1	56
441	1	38
441	2	48
441	3	58
441	4	68
442	1	24
442	2	28
442	3	32
442	4	48
442	5	64
442	6	80
479	1	68
479	2	68
479	3	75
479	4	82
479	5	89
480	1	40
480	2	50
480	3	60
480	4	70
482	1	34
482	2	42
482	3	50
482	4	58
482	5	66
498	1	30
498	2	30
498	3	35
498	4	50
498	5	65
498	6	80
537	1	1
537	2	15
537	3	20
537	4	30
537	5	40
537	6	55
537	7	75
544	1	28
544	2	28
544	3	48
544	4	68
545	1	40
545	2	40
545	3	40
545	4	40
545	5	50
545	6	60
545	7	70
545	8	80
546	1	58
547	1	34
547	2	42
547	3	50
547	4	58
547	5	66
548	1	26
548	2	36
548	3	46
548	4	56
548	5	66
549	1	28
549	2	40
549	3	52
549	4	64
550	1	48
550	2	48
550	3	63
550	4	78
550	5	88
551	1	54
552	1	52
553	1	1
553	2	15
553	3	16
553	4	17
553	5	18
553	6	19
553	7	20
553	8	21
553	9	23
553	10	25
553	11	26
553	12	28
553	13	29
553	14	31
553	15	32
553	16	34
553	17	35
553	18	38
553	19	41
553	20	44
553	21	47
553	22	50
553	23	54
553	24	58
553	25	62
553	26	66
553	27	70
553	28	74
553	29	78
553	30	82
553	31	86
553	32	90
554	1	15
554	2	15
554	3	15
554	4	15
554	5	15
554	6	15
554	7	15
554	8	18
554	9	21
554	10	24
554	11	27
554	12	30
554	13	33
554	14	36
554	15	39
554	16	42
554	17	45
554	18	48
554	19	51
554	20	55
554	21	59
554	22	63
554	23	67
554	24	71
554	25	75
554	26	79
554	27	83
554	28	87
554	29	90
555	1	15
555	2	16
555	3	16
555	4	17
555	5	18
555	6	19
555	7	20
555	8	21
555	9	23
555	10	25
555	11	26
555	12	28
555	13	29
555	14	31
555	15	32
555	16	34
555	17	35
555	18	38
555	19	41
555	20	44
555	21	47
555	22	50
555	23	54
555	24	58
555	25	62
555	26	66
555	27	70
555	28	74
555	29	78
555	30	82
555	31	86
555	32	90
556	1	56
556	2	56
556	3	62
556	4	68
556	5	74
556	6	82
557	1	24
558	1	60
558	2	50
559	1	36
559	2	38
559	3	40
559	4	42
559	5	44
559	6	46
559	7	48
559	8	50
559	9	52
559	10	54
559	11	56
559	12	58
559	13	60
559	14	62
559	15	64
559	16	66
559	17	68
559	18	70
559	19	72
559	20	74
559	21	76
559	22	78
559	23	80
559	24	82
559	25	84
559	26	86
559	27	88
561	1	11
561	2	15
561	3	16
561	4	17
561	5	18
561	6	19
561	7	20
561	8	21
561	9	22
561	10	23
561	11	28
561	12	31
561	13	34
561	14	37
561	15	40
561	16	43
561	17	46
561	18	49
561	19	53
561	20	57
561	21	61
561	22	65
561	23	69
561	24	73
561	25	77
561	26	81
561	27	85
561	28	89
562	1	16
562	2	17
562	3	18
562	4	19
562	5	20
562	6	21
562	7	22
562	8	23
562	9	24
562	10	25
562	11	26
562	12	28
562	13	31
562	14	34
562	15	37
562	16	40
562	17	43
562	18	46
562	19	49
562	20	53
562	21	57
562	22	61
562	23	65
562	24	69
562	25	73
562	26	77
562	27	81
562	28	85
562	29	89
563	1	44
563	2	64
564	1	29
564	2	49
564	3	50
564	4	56
564	5	62
564	6	68
564	7	70
565	1	15
565	2	15
565	3	15
565	4	15
565	5	15
565	6	15
565	7	15
565	8	18
565	9	21
565	10	24
565	11	27
565	12	30
565	13	33
565	14	36
565	15	39
565	16	42
565	17	45
565	18	48
565	19	51
565	20	55
565	21	59
565	22	63
565	23	67
565	24	71
565	25	75
565	26	79
565	27	83
565	28	87
566	1	42
566	2	62
567	1	40
567	2	46
567	3	52
567	4	58
567	5	64
567	6	70
567	7	78
568	1	42
568	2	44
568	3	46
568	4	49
569	1	15
569	2	15
569	3	15
569	4	15
569	5	15
569	6	15
569	7	15
569	8	16
569	9	19
569	10	22
569	11	25
569	12	28
569	13	31
569	14	34
569	15	37
569	16	40
569	17	43
569	18	46
569	19	49
569	20	53
569	21	57
569	22	61
569	23	65
569	24	69
569	25	73
569	26	77
569	27	81
569	28	85
573	1	36
574	1	44
574	2	44
574	3	58
574	4	72
575	1	30
575	2	30
575	3	35
575	4	50
575	5	75
575	6	89
588	1	28
588	2	20
588	3	28
588	4	30
588	5	32
588	6	35
588	7	38
588	8	41
588	9	44
588	10	47
588	11	50
588	12	53
588	13	56
588	14	59
588	15	62
588	16	65
588	17	68
588	18	71
588	19	75
588	20	79
588	21	83
588	22	87
605	1	20
605	1	20
605	1	20
605	1	20
605	1	20
605	1	20
605	1	20
605	1	20
1577	1	11
1578	1	20
1578	2	21
1578	3	22
1578	4	23
1578	5	24
1578	6	25
1578	7	26
1578	8	27
1578	9	28
1578	10	29
1578	11	30
1578	12	33
1578	13	36
1578	14	39
1578	15	42
1578	16	45
1578	17	48
1578	18	51
1578	19	55
1578	20	59
1578	21	64
1578	22	69
1578	23	74
1578	24	79
1578	25	84
1578	26	89
1579	1	1
1579	2	15
1579	3	16
1579	4	17
1579	5	18
1579	6	19
1579	7	20
1579	8	21
1579	9	22
1579	10	23
1579	11	24
1579	12	25
1579	13	27
1579	14	29
1579	15	31
1579	16	33
1579	17	35
1579	18	37
1579	19	39
1579	20	41
1579	21	43
1579	22	45
1579	23	47
1579	24	49
1579	25	51
1579	26	56
1579	27	61
1579	28	66
1579	29	71
1579	30	76
1579	31	81
1579	32	86
1580	1	30
1581	1	20
1581	2	21
1581	3	22
1581	4	23
1581	5	24
1581	6	25
1581	7	26
1581	8	27
1581	9	28
1581	10	29
1581	11	30
1581	12	31
1581	13	34
1581	14	37
1581	15	40
1581	16	43
1581	17	46
1581	18	49
1581	19	53
1581	20	58
1581	21	63
1581	22	68
1581	23	73
1581	24	78
1581	25	83
1581	26	88
1589	1	52
1589	2	52
1589	3	52
1589	4	53
1589	5	54
1589	6	58
1589	7	61
1589	8	65
1589	9	70
1589	10	75
1589	11	80
1589	12	85
1589	13	90
1593	1	16
1593	2	17
1593	3	20
1593	4	25
1593	5	30
1593	6	35
1593	7	40
1593	8	45
1593	9	50
1593	10	55
1593	11	60
1593	12	65
1593	13	70
1593	14	75
1593	15	80
1593	16	87
1596	1	27
1596	2	28
1596	3	29
1596	4	30
1596	5	31
1596	6	34
1596	7	38
1596	8	42
1596	9	46
1596	10	50
1596	11	54
1596	12	59
1596	13	64
1596	14	69
1596	15	74
1596	16	79
1596	17	84
1596	18	89
1600	1	15
1600	2	16
1600	3	17
1600	4	18
1600	5	19
1600	6	20
1600	7	21
1600	8	22
1600	9	23
1600	10	24
1600	11	25
1600	12	26
1600	13	27
1600	14	29
1600	15	32
1600	16	35
1600	17	38
1600	18	41
1600	19	44
1600	20	47
1600	21	50
1600	22	55
1600	23	60
1600	24	65
1600	25	70
1600	26	75
1600	27	80
1600	28	85
1613	1	32
1645	1	56
1645	2	56
1645	3	56
1645	4	60
1645	5	63
1645	6	66
1645	7	71
1645	8	76
1645	9	81
1645	10	86
1646	1	6
1646	2	15
1646	3	16
1646	4	17
1646	5	18
1646	6	19
1646	7	20
1646	8	21
1646	9	22
1646	10	23
1646	11	24
1646	12	25
1646	13	26
1646	14	28
1646	15	30
1646	16	32
1646	17	34
1646	18	36
1646	19	38
1646	20	40
1646	21	42
1646	22	44
1646	23	46
1646	24	48
1646	25	50
1646	26	52
1646	27	57
1646	28	62
1646	29	67
1646	30	72
1646	31	77
1646	32	82
1646	33	87
1647	1	36
1649	1	60
1651	1	54
1655	1	44
1656	1	15
1664	1	48
1664	2	48
1664	3	58
1664	4	68
1664	5	78
1664	6	88
1666	1	40
1666	2	40
1666	3	40
1666	4	40
1666	5	50
1666	6	60
1666	7	70
1666	8	80
1667	1	40
1667	2	46
1667	3	52
1667	4	58
1667	5	64
1667	6	70
1668	1	44
1668	2	34
1668	3	46
1668	4	58
1668	5	70
1940	1	42
2209	1	1
2209	2	15
2209	3	16
2209	4	17
2209	5	18
2209	6	19
2209	7	20
2209	8	21
2209	9	22
2209	10	23
2209	11	24
2209	12	25
2209	13	27
2209	14	29
2209	15	31
2209	16	33
2209	17	35
2209	18	37
2209	19	39
2209	20	43
2209	21	47
2209	22	51
2209	23	55
2209	24	59
2209	25	63
2209	26	67
2209	27	71
2209	28	75
2209	29	79
2209	30	83
2209	31	87
2210	1	30
2210	2	30
2210	3	30
2210	4	30
2210	5	30
2210	6	30
2210	7	30
2210	8	30
2210	9	32
2210	10	34
2210	11	36
2210	12	38
2210	13	40
2210	14	42
2210	15	46
2210	16	50
2210	17	54
2210	18	58
2210	19	62
2210	20	66
2210	21	70
2210	22	74
2210	23	78
2210	24	82
2210	25	86
2210	26	90
2211	1	6
2211	2	15
2211	3	16
2211	4	17
2211	5	18
2211	6	19
2211	7	20
2211	8	21
2211	9	22
2211	10	23
2211	11	24
2211	12	25
2211	13	26
2211	14	28
2211	15	30
2211	16	32
2211	17	34
2211	18	36
2211	19	38
2211	20	40
2211	21	44
2211	22	48
2211	23	52
2211	24	56
2211	25	60
2211	26	64
2211	27	68
2211	28	72
2211	29	76
2211	30	80
2211	31	84
2211	32	88
2212	1	11
2212	2	16
2212	3	17
2212	4	18
2212	5	19
2212	6	20
2212	7	21
2212	8	22
2212	9	23
2212	10	24
2212	11	25
2212	12	26
2212	13	27
2212	14	28
2212	15	29
2212	16	30
2212	17	31
2212	18	33
2212	19	35
2212	20	37
2212	21	39
2212	22	41
2212	23	45
2212	24	49
2212	25	53
2212	26	57
2212	27	61
2212	28	65
2212	29	69
2212	30	73
2212	31	77
2212	32	81
2212	33	85
2212	34	89
2213	1	24
2213	2	24
2213	3	24
2213	4	26
2213	5	28
2213	6	30
2213	7	32
2213	8	34
2213	9	36
2213	10	38
2213	11	40
2213	12	43
2213	13	47
2213	14	51
2213	15	55
2213	16	59
2213	17	63
2213	18	67
2213	19	71
2213	20	75
2213	21	79
2213	22	83
2213	23	87
2214	1	15
2215	1	40
2216	1	36
2217	1	37
2217	2	38
2217	3	46
2217	4	56
2217	5	66
2217	6	76
2218	1	28
2220	1	36
2222	1	44
2223	1	18
2226	1	44
2227	1	66
2228	1	40
2229	1	32
2230	1	28
2231	1	15
2231	2	15
2231	3	35
2231	4	55
2231	5	75
2232	1	15
2232	2	15
2232	3	15
2232	4	15
2232	5	15
2232	6	15
2232	7	15
2232	8	17
2232	9	19
2232	10	21
2232	11	23
2232	12	25
2232	13	27
2232	14	29
2232	15	31
2232	16	33
2232	17	35
2232	18	37
2232	19	39
2232	20	43
2232	21	47
2232	22	51
2232	23	55
2232	24	59
2232	25	63
2232	26	67
2232	27	71
2232	28	75
2232	29	79
2232	30	83
2232	31	87
2233	1	15
2233	2	15
2233	3	15
2233	4	15
2233	5	15
2233	6	15
2233	7	15
2233	8	16
2233	9	18
2233	10	20
2233	11	22
2233	12	24
2233	13	26
2233	14	28
2233	15	30
2233	16	32
2233	17	34
2233	18	36
2233	19	38
2233	20	40
2233	21	44
2233	22	48
2233	23	52
2233	24	56
2233	25	60
2233	26	64
2233	27	68
2233	28	72
2233	29	76
2233	30	80
2233	31	84
2233	32	88
2234	1	42
2235	1	36
2563	1	66
2572	1	11
2572	2	15
2572	3	17
2572	4	20
2572	5	30
2572	6	40
2572	7	50
2572	8	60
2572	9	70
2572	10	80
2572	1	1
2572	2	15
2572	3	17
2572	4	20
2572	5	30
2572	6	40
2572	7	50
2572	8	60
2572	9	70
2572	10	80
2581	1	58
2589	1	62
2611	1	48
2611	2	48
2611	3	48
2611	4	52
2611	5	56
2611	6	60
2611	7	64
2611	8	68
2611	9	72
2611	10	76
2611	11	80
2611	12	84
2611	13	88
2620	1	66
2636	1	15
2636	2	15
2636	3	16
2636	4	17
2636	5	18
2636	6	19
2636	7	20
2636	8	21
2636	9	22
2636	10	23
2636	11	25
2636	12	28
2636	13	31
2636	14	34
2636	15	37
2636	16	40
2636	17	43
2636	18	46
2636	19	49
2636	20	52
2636	21	56
2636	22	60
2636	23	64
2636	24	68
2636	25	72
2636	26	76
2636	27	80
2636	28	84
2636	29	88
2645	1	66
2663	1	55
2674	1	36
2674	2	36
2674	3	36
2674	4	40
2674	5	44
2674	6	48
2674	7	52
2674	8	56
2674	9	60
2674	10	64
2674	11	68
2674	12	73
2674	13	77
2674	14	81
2674	15	85
2674	16	89
2681	1	56
2690	1	52
2699	1	36
2699	2	36
2699	3	36
2699	4	40
2699	5	44
2699	6	48
2699	7	52
2699	8	56
2699	9	60
2699	10	64
2699	11	68
2699	12	73
2699	13	77
2699	14	81
2699	15	85
2699	16	89
2707	1	6
2707	2	16
2707	3	17
2707	4	18
2707	5	19
2707	6	20
2707	7	21
2707	8	22
2707	9	23
2707	10	24
2707	11	25
2707	12	30
2707	13	33
2707	14	36
2707	15	39
2707	16	42
2707	17	45
2707	18	48
2707	19	51
2707	20	55
2707	21	59
2707	22	63
2707	23	67
2707	24	71
2707	25	75
2707	26	79
2707	27	83
2707	28	87
2716	1	15
2716	2	18
2716	3	21
2716	4	25
2716	5	29
2716	6	33
2716	7	37
2716	8	41
2716	9	45
2716	10	49
2716	11	53
2716	12	57
2716	13	61
2716	14	65
2716	15	69
2716	16	73
2716	17	77
2716	18	81
2724	1	32
2724	2	35
2724	3	36
2724	4	37
2724	5	40
2724	6	43
2724	7	46
2724	8	49
2724	9	52
2724	10	56
2724	11	60
2724	12	64
2724	13	68
2724	14	72
2724	15	76
2724	16	80
2724	17	84
2724	18	88
2750	1	66
2957	1	15
2957	2	15
2957	3	15
2957	4	15
2957	5	15
2957	6	15
2957	7	15
2957	8	16
2957	9	17
2957	10	18
2957	11	19
2957	12	21
2957	13	23
2957	14	25
2957	15	27
2957	16	29
2957	17	31
2957	18	33
2957	19	35
2957	20	37
2957	21	39
2957	22	41
2957	23	45
2957	24	49
2957	25	53
2957	26	57
2957	27	61
2957	28	65
2957	29	69
2957	30	73
2957	31	77
2957	32	81
2957	33	85
2957	34	89
2965	1	62
3003	1	32
3087	1	28
3087	2	28
3087	3	28
3087	4	31
3087	5	34
3087	6	37
3087	7	41
3087	8	45
3087	9	49
3087	10	53
3087	11	57
3087	12	61
3087	13	65
3087	14	69
3087	15	73
3087	16	77
3087	17	81
3087	18	85
3087	19	89
3089	1	32
3090	1	48
3091	1	36
3093	1	6
3093	2	16
3093	3	17
3093	4	18
3093	5	19
3093	6	20
3093	7	21
3093	8	22
3093	9	23
3093	10	24
3093	11	25
3093	12	29
3093	13	32
3093	14	35
3093	15	38
3093	16	42
3093	17	46
3093	18	50
3093	19	54
3093	20	58
3093	21	62
3093	22	66
3093	23	70
3093	24	74
3093	25	78
3093	26	82
3093	27	86
3093	28	90
3094	1	51
3095	1	1
3095	2	16
3095	3	17
3095	4	18
3095	5	19
3095	6	20
3095	7	21
3095	8	22
3095	9	23
3095	10	24
3095	11	25
3095	12	27
3095	13	30
3095	14	33
3095	15	36
3095	16	39
3095	17	43
3095	18	47
3095	19	51
3095	20	55
3095	21	59
3095	22	63
3095	23	67
3095	24	71
3095	25	75
3095	26	79
3095	27	83
3095	28	87
3096	1	11
3096	2	17
3096	3	18
3096	4	19
3096	5	20
3096	6	21
3096	7	22
3096	8	23
3096	9	24
3096	10	25
3096	11	26
3096	12	28
3096	13	31
3096	14	34
3096	15	37
3096	16	40
3096	17	44
3096	18	48
3096	19	52
3096	20	56
3096	21	60
3096	22	64
3096	23	68
3096	24	72
3096	25	76
3096	26	80
3096	27	84
3096	28	88
3097	1	15
3097	2	15
3097	3	15
3097	4	17
3097	5	18
3097	6	19
3097	7	20
3097	8	22
3097	9	24
3097	10	27
3097	11	30
3097	12	33
3097	13	36
3097	14	39
3097	15	42
3097	16	46
3097	17	50
3097	18	54
3097	19	58
3097	20	62
3097	21	66
3097	22	70
3097	23	74
3097	24	78
3097	25	82
3097	26	86
3097	27	90
3098	1	40
3098	2	40
3098	3	40
3098	4	44
3098	5	48
3098	6	52
3098	7	56
3098	8	60
3098	9	64
3098	10	68
3098	11	72
3098	12	76
3098	13	80
3098	14	84
3098	15	88
3101	1	16
3101	2	16
3101	3	16
3101	4	17
3101	5	18
3101	6	19
3101	7	20
3101	8	21
3101	9	23
3101	10	25
3101	11	26
3101	12	29
3101	13	32
3101	14	35
3101	15	38
3101	16	41
3101	17	45
3101	18	49
3101	19	53
3101	20	57
3101	21	61
3101	22	65
3101	23	69
3101	24	73
3101	25	77
3101	26	81
3101	27	85
3101	28	89
3103	1	50
3105	1	1
3105	2	15
3105	3	15
3105	4	15
3105	5	15
3105	6	15
3105	7	15
3105	8	18
3105	9	21
3105	10	24
3105	11	27
3105	12	30
3105	13	33
3105	14	36
3105	15	39
3105	16	43
3105	17	47
3105	18	51
3105	19	55
3105	20	59
3105	21	63
3105	22	67
3105	23	71
3105	24	75
3105	25	79
3105	26	83
3105	27	87
3106	1	15
3106	2	15
3106	3	15
3106	4	17
3106	5	18
3106	6	19
3106	7	20
3106	8	22
3106	9	24
3106	10	27
3106	11	30
3106	12	33
3106	13	36
3106	14	39
3106	15	42
3106	16	46
3106	17	50
3106	18	54
3106	19	58
3106	20	62
3106	21	66
3106	22	70
3106	23	74
3106	24	78
3106	25	82
3106	26	86
3106	27	90
3107	1	64
3108	1	11
3108	2	15
3108	3	15
3108	4	15
3108	5	15
3108	6	15
3108	7	15
3108	8	16
3108	9	19
3108	10	22
3108	11	25
3108	12	28
3108	13	31
3108	14	34
3108	15	37
3108	16	40
3108	17	44
3108	18	48
3108	19	52
3108	20	56
3108	21	60
3108	22	64
3108	23	68
3108	24	72
3108	25	76
3108	26	80
3108	27	84
3108	28	88
3109	1	16
3110	1	40
3111	1	54
3111	1	54
3112	1	24
3114	1	44
3118	1	30
3357	1	54
3373	1	32
3374	1	32
3702	1	6
3702	2	22
3702	3	34
3702	4	46
3702	5	58
3702	6	70
3959	1	24
3959	2	24
3959	3	24
3959	4	26
3959	5	28
3959	6	30
3959	7	32
3959	8	34
3959	9	36
3959	10	38
3959	11	40
3959	12	42
3959	13	46
3959	14	50
3959	15	54
3959	16	58
3959	17	62
3959	18	66
3959	19	70
3959	20	74
3959	21	78
3959	22	82
3959	23	86
3959	24	90
3960	1	32
3960	2	32
3960	3	35
3960	4	37
3960	5	39
3960	6	42
3960	7	46
3960	8	50
3960	9	54
3960	10	58
3960	11	62
3960	12	66
3960	13	70
3960	14	74
3960	15	78
3960	16	82
3960	17	86
3960	18	90
3962	1	1
3962	2	16
3962	3	17
3962	4	18
3962	5	19
3962	6	20
3962	7	21
3962	8	22
3962	9	23
3962	10	24
3962	11	25
3962	12	26
3962	13	27
3962	14	28
3962	15	29
3962	16	31
3962	17	33
3962	18	35
3962	19	37
3962	20	39
3962	21	41
3962	22	45
3962	23	49
3962	24	53
3962	25	57
3962	26	61
3962	27	65
3962	28	69
3962	29	73
3962	30	77
3962	31	81
3962	32	85
3962	33	89
3963	1	11
3963	2	16
3963	3	17
3963	4	18
3963	5	19
3963	6	20
3963	7	21
3963	8	22
3963	9	23
3963	10	24
3963	11	25
3963	12	26
3963	13	27
3963	14	28
3963	15	29
3963	16	30
3963	17	31
3963	18	35
3963	19	37
3963	20	39
3963	21	43
3963	22	47
3963	23	51
3963	24	55
3963	25	59
3963	26	63
3963	27	67
3963	28	71
3963	29	75
3963	30	79
3963	31	83
3963	32	87
3965	1	34
3966	1	36
3967	1	6
3967	2	16
3967	3	17
3967	4	18
3967	5	19
3967	6	20
3967	7	21
3967	8	22
3967	9	23
3967	10	24
3967	11	25
3967	12	26
3967	13	27
3967	14	28
3967	15	30
3967	16	32
3967	17	34
3967	18	36
3967	19	38
3967	20	40
3967	21	44
3967	22	48
3967	23	52
3967	24	56
3967	25	60
3967	26	64
3967	27	68
3967	28	72
3967	29	76
3967	30	80
3967	31	84
3967	32	88
3968	1	38
3969	1	40
3970	1	30
3971	1	46
3973	1	28
3973	2	38
3973	3	48
3973	4	58
3973	5	68
3973	6	78
3974	1	15
3975	1	64
3977	1	33
3978	1	58
3979	1	16
3979	2	15
3979	3	16
3979	4	17
3979	5	18
3979	6	19
3979	7	20
3979	8	22
3979	9	24
3979	10	26
3979	11	28
3979	12	30
3979	13	32
3979	14	34
3979	15	36
3979	16	38
3979	17	40
3979	18	44
3979	19	48
3979	20	52
3979	21	56
3979	22	60
3979	23	64
3979	24	68
3979	25	72
3979	26	76
3979	27	80
3979	28	84
3979	29	88
3980	1	16
3980	2	16
3980	3	31
3980	4	46
3980	5	61
3981	1	24
3981	2	24
3981	3	54
3981	4	84
3982	1	15
3984	1	34
3984	2	48
3984	3	62
3984	4	76
3985	1	54
4104	1	31
4910	1	48
5257	1	11
5257	2	16
5257	3	18
5257	4	20
5257	5	23
5257	6	25
5257	7	27
5257	8	30
5257	9	33
5257	10	40
5257	11	46
5257	12	53
5257	13	60
5257	14	67
5257	15	77
5257	16	87
5258	1	1
5258	2	16
5258	3	17
5258	4	18
5258	5	19
5258	6	20
5258	7	21
5258	8	22
5258	9	23
5258	10	24
5258	11	25
5258	12	27
5258	13	31
5258	14	37
5258	15	43
5258	16	49
5258	17	56
5258	18	63
5258	19	70
5258	20	80
5258	21	90
5259	1	6
5259	2	22
5259	3	38
5259	4	54
5259	5	70
5259	6	86
5260	1	17
5260	2	19
5260	3	21
5260	4	23
5260	5	25
5260	6	27
5260	7	29
5260	8	31
5260	9	33
5260	10	35
5260	11	37
5260	12	39
5260	13	41
5260	14	43
5260	15	45
5260	16	47
5260	17	49
5260	18	54
5260	19	61
5260	20	68
5260	21	78
5260	22	88
5262	1	16
5262	2	30
5262	3	40
5262	4	50
5262	5	60
5262	6	70
5262	7	80
5263	1	48
5263	2	48
5263	3	48
5263	4	49
5263	5	50
5263	6	51
5263	7	56
5263	8	60
5263	9	62
5263	10	70
5263	11	74
5263	12	82
5263	13	90
5265	1	68
5265	2	70
5265	3	76
5265	4	80
5265	5	84
5265	6	88
5266	1	15
5266	2	15
5266	3	16
5266	4	18
5266	5	20
5266	6	21
5266	7	24
5266	8	27
5266	9	30
5266	10	34
5266	11	42
5266	12	48
5266	13	55
5266	14	62
5266	15	69
5266	16	79
5266	17	89
5267	1	56
5267	2	56
5267	3	56
5267	4	58
5267	5	63
5267	6	70
5267	7	77
5267	8	84
5268	1	45
5269	1	30
5270	1	44
5354	1	1
5354	2	16
5354	3	17
5354	4	18
5354	5	19
5354	6	20
5354	7	21
5354	8	22
5354	9	23
5354	10	24
5354	11	25
5354	12	26
5354	13	27
5354	14	32
5354	15	38
5354	16	44
5354	17	50
5354	18	57
5354	19	64
5354	20	71
5354	21	81
5361	1	64
5361	2	60
5361	3	60
5361	4	66
5361	5	72
5361	6	78
5361	7	84
5361	8	90
5362	1	64
5365	1	52
5365	2	52
5365	3	52
5365	4	53
5365	5	57
5365	6	65
5365	7	73
5365	8	81
5365	9	89
5367	1	28
5367	2	28
5367	3	28
5367	4	31
5367	5	35
5367	6	38
5367	7	44
5367	8	51
5367	9	58
5367	10	65
5367	11	75
5367	12	85
5368	1	32
5368	2	32
5368	3	32
5368	4	32
5368	5	34
5368	6	36
5368	7	37
5368	8	41
5368	9	44
5368	10	47
5368	11	50
5368	12	54
5368	13	57
5368	14	61
5368	15	64
5368	16	68
5368	17	72
5368	18	78
5368	19	88
5369	1	36
5369	2	36
5369	3	36
5369	4	39
5369	5	45
5369	6	52
5369	7	59
5369	8	66
5369	9	76
5369	10	86
5370	1	40
5370	2	40
5370	3	40
5370	4	42
5370	5	46
5370	6	48
5370	7	55
5370	8	62
5370	9	69
5370	10	79
5370	11	88
5522	1	72
5522	2	64
5522	3	64
5522	4	67
5522	5	71
5522	6	75
5522	7	80
5522	8	85
5602	1	76
5602	2	68
5602	3	68
5602	4	73
5602	5	74
5602	6	80
5602	7	82
5602	8	83
5602	9	87
5605	1	80
5605	2	72
5605	3	72
5605	4	76
5605	5	83
5605	6	89
5638	1	15
5638	2	15
5638	3	16
5638	4	17
5638	5	18
5638	6	19
5638	7	20
5638	8	21
5638	9	22
5638	10	24
5638	11	26
5638	12	30
5638	13	33
5638	14	39
5638	15	45
5638	16	52
5638	17	59
5638	18	66
5638	19	76
5638	20	86
6444	1	6
6444	2	16
6444	3	17
6444	4	18
6444	5	19
6444	6	20
6444	7	21
6444	8	22
6444	9	23
6444	10	24
6444	11	25
6444	12	29
6444	13	32
6444	14	35
6444	15	38
6444	16	42
6444	17	46
6444	18	50
6444	19	54
6444	20	58
6444	21	62
6444	22	66
6444	23	70
6444	24	74
6444	25	78
6444	26	82
6444	27	86
6444	28	90
6450	1	15
6450	2	15
6450	3	15
6450	4	17
6450	5	18
6450	6	19
6450	7	20
6450	8	22
6450	9	24
6450	10	27
6450	11	30
6450	12	33
6450	13	36
6450	14	39
6450	15	42
6450	16	46
6450	17	50
6450	18	54
6450	19	58
6450	20	62
6450	21	66
6450	22	70
6450	23	74
6450	24	78
6450	25	82
6450	26	86
6450	27	90
6520	1	15
6520	2	26
6520	3	28
6520	4	30
6520	5	32
6520	6	34
6520	7	36
6520	8	38
6520	9	40
6520	10	42
6520	11	44
6520	12	46
6520	13	48
6520	14	50
6520	15	52
6520	16	54
6520	17	56
6520	18	58
6520	19	60
6520	20	62
6520	21	64
6520	22	66
6520	23	68
6520	24	70
6520	25	72
6520	26	76
6520	27	80
6520	28	84
6520	29	88
6621	1	1
6621	2	10
6621	3	11
6621	4	12
6621	5	13
6621	6	14
6621	7	15
6621	8	17
6621	9	19
6621	10	21
6621	11	23
6621	12	25
6621	13	27
6621	14	29
6621	15	31
6621	16	33
6621	17	35
6621	18	37
6621	19	39
6621	20	43
6621	21	47
6621	22	51
6621	23	55
6621	24	59
6621	25	63
6621	26	67
6621	27	71
6621	28	75
6621	29	79
6621	30	83
6621	31	87
6626	1	30
6626	2	30
6626	3	30
6626	4	30
6626	5	30
6626	6	30
6626	7	30
6626	8	30
6626	9	32
6626	10	34
6626	11	36
6626	12	38
6626	13	40
6626	14	42
6626	15	46
6626	16	50
6626	17	54
6626	18	58
6626	19	62
6626	20	66
6626	21	70
6626	22	74
6626	23	78
6626	24	82
6626	25	86
6626	26	90
6662	1	15
6662	2	15
6662	3	15
6662	4	15
6662	5	15
6662	6	15
6662	7	15
6662	8	17
6662	9	19
6662	10	21
6662	11	23
6662	12	25
6662	13	27
6662	14	29
6662	15	31
6662	16	33
6662	17	35
6662	18	37
6662	19	39
6662	20	43
6662	21	47
6662	22	51
6662	23	55
6662	24	59
6662	25	63
6662	26	67
6662	27	71
6662	28	75
6662	29	79
6662	30	83
6662	31	87
6675	1	15
6767	1	40
6901	1	60
8490	1	15
8490	2	15
8490	3	16
8490	4	17
8490	5	18
8490	6	19
8490	7	20
8490	8	21
8490	9	22
8490	10	24
8490	11	26
8490	12	30
8490	13	33
8490	14	39
8490	15	45
8490	16	52
8490	17	59
8490	18	66
8490	19	76
8490	20	86
8670	1	1
9002	1	10
9002	2	20
9002	3	30
9002	4	40
9002	5	50
9002	6	60
9002	7	70
9003	1	5
9003	2	15
9003	3	90
9004	1	50
9005	1	32
9006	1	32
9335	1	15
9335	2	15
9335	3	15
9335	4	16
9335	5	17
9335	6	18
9335	7	19
9335	8	21
9335	9	23
9335	10	25
9335	11	27
9335	12	29
9335	13	31
9335	14	34
9335	15	37
9335	16	40
9335	17	43
9335	18	46
9335	19	49
9335	20	52
9335	21	55
9335	22	58
9335	23	61
9335	24	64
9335	25	67
9335	26	70
9335	27	74
9335	28	78
9335	29	82
9335	30	86
9335	31	89
9341	1	15
9341	2	15
9341	3	15
9341	4	16
9341	5	17
9341	6	18
9341	7	19
9341	8	21
9341	9	23
9341	10	25
9341	11	27
9341	12	29
9341	13	31
9341	14	34
9341	15	37
9341	16	40
9341	17	43
9341	18	46
9341	19	49
9341	20	52
9341	21	55
9341	22	58
9341	23	61
9341	24	64
9341	25	67
9341	26	70
9341	27	74
9341	28	78
9341	29	82
9341	30	86
9341	31	89
9440	1	15
9440	2	15
9440	3	16
9440	4	17
9440	5	18
9440	6	19
9440	7	20
9440	8	21
9440	9	22
9440	10	23
9440	11	25
9440	12	28
9440	13	31
9440	14	34
9440	15	37
9440	16	40
9440	17	43
9440	18	46
9440	19	49
9440	20	52
9440	21	56
9440	22	60
9440	23	64
9440	24	68
9440	25	72
9440	26	76
9440	27	80
9440	28	84
9440	29	88
9441	1	15
9441	2	15
9441	3	16
9441	4	17
9441	5	18
9441	6	19
9441	7	20
9441	8	21
9441	9	22
9441	10	23
9441	11	25
9441	12	28
9441	13	31
9441	14	34
9441	15	37
9441	16	40
9441	17	43
9441	18	46
9441	19	49
9441	20	52
9441	21	56
9441	22	60
9441	23	64
9441	24	68
9441	25	72
9441	26	76
9441	27	80
9441	28	84
9441	29	88
13040	1	29
13042	1	45
13044	1	1
13044	2	15
13044	3	16
13044	4	18
13044	5	20
13044	6	22
13044	7	25
13044	8	28
13044	9	31
13044	10	33
13044	11	35
13044	12	38
13044	13	40
13044	14	42
13044	15	44
13044	16	47
13044	17	49
13044	18	52
13044	19	54
13044	20	56
13044	21	59
13044	22	63
13044	23	65
13044	24	67
13044	25	70
13044	26	73
13044	27	75
13044	28	77
13044	29	79
13044	30	81
13044	31	83
13044	32	85
13044	33	87
13045	1	37
13045	2	39
13045	3	42
13045	4	45
13045	5	49
13045	6	53
13045	7	56
13045	8	60
13045	9	64
13045	10	66
13045	11	68
13045	12	70
13045	13	72
13045	14	74
13045	15	76
13045	16	77
13045	17	79
13045	18	80
13045	19	82
13045	20	83
13045	21	84
13045	22	86
13045	23	88
13045	24	89
13046	1	26
13046	2	27
13046	3	30
13046	4	33
13046	5	36
13046	6	40
13046	7	43
13046	8	46
13046	9	48
13046	10	51
13046	11	54
13046	12	57
13046	13	60
13046	14	64
13046	15	67
13046	16	69
13046	17	71
13046	18	73
13046	19	75
13046	20	77
13046	21	80
13046	22	82
13046	23	84
13046	24	86
13046	25	88
13047	1	6
13047	2	15
13047	3	17
13047	4	19
13047	5	21
13047	6	24
13047	7	27
13047	8	30
13047	9	34
13047	10	37
13047	11	41
13047	12	46
13047	13	50
13047	14	53
13047	15	58
13047	16	62
13048	1	11
13048	2	15
13048	3	17
13048	4	20
13048	5	23
13048	6	26
13048	7	29
13048	8	32
13048	9	36
13048	10	40
13048	11	45
13048	12	50
13048	13	55
13048	14	59
13048	15	63
13048	16	65
13049	1	41
13050	1	15
13050	2	17
13050	3	19
13050	4	22
13050	5	25
13050	6	28
13050	7	31
13050	8	35
13050	9	39
13050	10	42
13050	11	46
13050	12	52
13050	13	57
13050	14	62
13050	15	66
13052	1	15
13052	2	16
13052	3	18
13052	4	20
13052	5	22
13052	6	24
13052	7	26
13052	8	29
13052	9	32
13052	10	35
13052	11	38
13052	12	41
13052	13	45
13052	14	48
13052	15	52
13052	16	56
13052	17	60
13052	18	63
13052	19	66
13052	20	69
13052	21	72
13052	22	74
13052	23	76
13052	24	78
13052	25	80
13052	26	82
13052	27	84
13052	28	86
13053	1	33
13053	2	34
13053	3	37
13053	4	41
13053	5	44
13053	6	47
13053	7	51
13053	8	55
13053	9	58
13053	10	61
13053	11	65
13053	12	68
13053	13	70
13053	14	73
13053	15	76
13053	16	78
13053	17	81
13053	18	83
13054	1	19
13054	2	20
13054	3	21
13054	4	24
13054	5	26
13054	6	29
13054	7	31
13054	8	34
13054	9	37
13054	10	41
13054	11	44
13054	12	48
13054	13	51
13054	14	55
13054	15	59
13054	16	62
13054	17	65
13054	18	69
13054	19	72
13054	20	74
13054	21	78
13054	22	81
13055	1	17
13055	2	18
13055	3	19
13055	4	21
13055	5	23
13055	6	25
13055	7	27
13055	8	30
13055	9	33
13055	10	36
13055	11	39
13055	12	43
13055	13	47
13055	14	50
13055	15	54
13055	16	58
13055	17	61
13055	18	64
13055	19	68
13055	20	71
13067	1	60
13068	1	50
13068	2	52
13068	3	55
13068	4	58
13068	5	61
13068	6	64
13068	7	67
13068	8	71
13068	9	75
13068	10	79
13070	1	21
13391	1	55
13424	1	60
13983	1	15
13983	2	15
13983	3	35
13983	4	55
13983	5	75
14064	1	1
14064	2	15
14064	3	17
14064	4	19
14064	5	21
14064	6	23
14064	7	28
14064	8	31
14064	9	34
14064	10	36
14064	11	39
14064	12	42
14064	13	45
14064	14	48
14064	15	51
14064	16	54
14064	17	57
14064	18	60
14064	19	63
14064	20	66
14064	21	72
14064	22	76
14064	23	79
14064	24	83
14064	25	86
14065	1	11
14065	2	16
14065	3	18
14065	4	21
14065	5	24
14065	6	27
14065	7	30
14065	8	33
14065	9	37
14065	10	40
14065	11	44
14065	12	47
14065	13	50
14065	14	53
14065	15	56
14065	16	59
14065	17	62
14065	18	65
14065	19	68
14065	20	71
14065	21	75
14065	22	78
14065	23	81
14065	24	84
14065	25	87
14066	1	19
14066	2	20
14066	3	22
14066	4	24
14066	5	26
14066	6	29
14066	7	32
14066	8	35
14066	9	38
14066	10	41
14066	11	45
14066	12	48
14066	13	51
14066	14	55
14066	15	58
14066	16	61
14066	17	64
14066	18	67
14066	19	70
14066	20	72
14066	21	75
14066	22	77
14066	23	80
14066	24	83
14066	25	86
14067	1	15
14067	2	16
14067	3	18
14067	4	20
14067	5	23
14067	6	26
14067	7	28
14067	8	31
14067	9	34
14067	10	37
14067	11	40
14067	12	43
14067	13	46
14067	14	49
14067	15	53
14067	16	56
14067	17	59
14067	18	62
14067	19	65
14067	20	69
14067	21	73
14067	22	76
14067	23	79
14067	24	82
14067	25	85
14068	1	6
14068	2	15
14068	3	17
14068	4	19
14068	5	22
14068	6	25
14068	7	29
14068	8	33
14068	9	36
14068	10	39
14068	11	42
14068	12	44
14068	13	47
14068	14	50
14068	15	54
14068	16	57
14068	17	61
14068	18	64
14068	19	67
14068	20	69
14068	21	74
14068	22	78
14068	23	81
14068	24	84
14068	25	87
14069	1	15
14070	1	23
14070	2	25
14070	3	27
14070	4	30
14070	5	32
14070	6	35
14070	7	38
14070	8	41
14070	9	43
14070	10	46
14070	11	49
14070	12	52
14070	13	55
14070	14	58
14070	15	60
14070	16	63
14070	17	66
14070	18	68
14070	19	70
14070	20	71
14070	21	74
14070	22	77
14070	23	80
14070	24	82
14070	25	85
14071	1	35
14071	2	37
14071	3	39
14071	4	41
14071	5	43
14071	6	45
14071	7	47
14071	8	49
14071	9	51
14071	10	53
14071	11	55
14071	12	57
14071	13	59
14071	14	61
14071	15	63
14071	16	65
14071	17	67
14071	18	69
14071	19	71
14071	20	73
14071	21	75
14071	22	77
14071	23	79
14071	24	81
14071	25	83
14072	1	67
14073	1	63
14074	1	55
14075	1	39
14076	1	27
14081	1	47
14082	1	31
14083	1	43
14084	1	51
14137	1	1
14137	2	15
14137	3	17
14137	4	19
14137	5	21
14137	6	23
14137	7	28
14137	8	31
14137	9	34
14137	10	36
14137	11	39
14137	12	42
14137	13	45
14137	14	48
14137	15	51
14137	16	54
14137	17	57
14137	18	60
14137	19	63
14137	20	66
14137	21	72
14137	22	76
14137	23	79
14137	24	83
14137	25	86
14138	1	11
14138	2	16
14138	3	18
14138	4	21
14138	5	24
14138	6	27
14138	7	30
14138	8	33
14138	9	37
14138	10	40
14138	11	44
14138	12	47
14138	13	50
14138	14	53
14138	15	56
14138	16	59
14138	17	62
14138	18	65
14138	19	68
14138	20	71
14138	21	75
14138	22	78
14138	23	81
14138	24	84
14138	25	87
14139	1	19
14139	2	20
14139	3	22
14139	4	24
14139	5	26
14139	6	29
14139	7	32
14139	8	35
14139	9	38
14139	10	41
14139	11	45
14139	12	48
14139	13	51
14139	14	55
14139	15	58
14139	16	61
14139	17	64
14139	18	67
14139	19	70
14139	20	72
14139	21	75
14139	22	77
14139	23	80
14139	24	83
14139	25	86
14140	1	15
14140	2	16
14140	3	18
14140	4	20
14140	5	23
14140	6	26
14140	7	28
14140	8	31
14140	9	34
14140	10	37
14140	11	40
14140	12	43
14140	13	46
14140	14	49
14140	15	53
14140	16	56
14140	17	59
14140	18	62
14140	19	65
14140	20	69
14140	21	73
14140	22	76
14140	23	79
14140	24	82
14140	25	85
14141	1	7
14141	2	15
14141	3	17
14141	4	19
14141	5	22
14141	6	25
14141	7	29
14141	8	33
14141	9	36
14141	10	39
14141	11	42
14141	12	44
14141	13	47
14141	14	50
14141	15	54
14141	16	57
14141	17	61
14141	18	64
14141	19	67
14141	20	69
14141	21	74
14141	22	78
14141	23	81
14141	24	84
14141	25	87
14154	1	59
14230	1	23
14230	2	25
14230	3	27
14230	4	30
14230	5	32
14230	6	35
14230	7	38
14230	8	41
14230	9	43
14230	10	46
14230	11	49
14230	12	52
14230	13	55
14230	14	58
14230	15	60
14230	16	63
14230	17	66
14230	18	68
14230	19	70
14230	20	71
14230	21	74
14230	22	77
14230	23	80
14230	24	82
14230	25	85
14231	1	35
14231	2	37
14231	3	39
14231	4	41
14231	5	43
14231	6	45
14231	7	47
14231	8	49
14231	9	51
14231	10	53
14231	11	55
14231	12	57
14231	13	59
14231	14	61
14231	15	63
14231	16	65
14231	17	67
14231	18	69
14231	19	71
14231	20	73
14231	21	75
14231	22	77
14231	23	79
14231	24	81
14231	25	83
14302	1	1
14302	2	15
14302	3	17
14302	4	19
14302	5	21
14302	6	23
14302	7	28
14302	8	31
14302	9	34
14302	10	36
14302	11	39
14302	12	42
14302	13	45
14302	14	48
14302	15	51
14302	16	54
14302	17	57
14302	18	60
14302	19	63
14302	20	66
14302	21	72
14302	22	76
14302	23	79
14302	24	83
14302	25	86
14303	1	1
14303	2	15
14303	3	17
14303	4	19
14303	5	21
14303	6	23
14303	7	28
14303	8	31
14303	9	34
14303	10	36
14303	11	39
14303	12	42
14303	13	45
14303	14	48
14303	15	51
14303	16	54
14303	17	57
14303	18	60
14303	19	63
14303	20	66
14303	21	72
14303	22	76
14303	23	79
14303	24	83
14303	25	86
14639	1	55
14664	1	28
14664	2	28
14664	3	28
14664	4	33
14664	5	38
14664	6	43
14664	7	48
14664	8	53
14664	9	58
14664	10	63
14664	11	68
14664	12	73
14664	13	78
14664	14	83
14664	15	88
15053	1	1
15053	2	15
15053	3	16
15053	4	17
15053	5	18
15053	6	19
15053	7	20
15053	8	21
15053	9	22
15053	10	23
15053	11	24
15053	12	25
15053	13	27
15053	14	29
15053	15	31
15053	16	33
15053	17	35
15053	18	37
15053	19	39
15053	20	41
15053	21	43
15053	22	45
15053	23	47
15053	24	49
15053	25	51
15053	26	56
15053	27	61
15053	28	66
15053	29	71
15053	30	76
15053	31	81
15053	32	86
15092	1	32
16027	1	18
16027	2	20
16027	3	22
16027	4	25
16027	5	29
16027	6	33
16027	7	37
16027	8	40
16027	9	44
16027	10	48
16027	11	52
16027	12	55
16027	13	60
16027	14	66
16027	15	71
16028	1	1
16028	2	15
16028	3	17
16028	4	19
16028	5	21
16028	6	24
16028	7	27
16028	8	30
16028	9	34
16028	10	36
16085	1	21
16085	2	23
16085	3	26
16085	4	28
16085	5	31
16085	6	35
16085	7	38
16085	8	41
16085	9	44
16085	10	48
16085	11	53
16085	12	57
16085	13	62
16085	14	67
16085	15	74
16166	1	27
16168	1	6
16169	1	18
16304	1	30
16304	2	33
16304	3	37
16304	4	41
16304	5	45
16304	6	49
16304	7	54
16304	8	59
16304	9	63
16304	10	68
16304	11	72
16304	12	76
16304	13	78
16304	14	82
16304	15	86
16455	1	45
16460	1	42
16460	2	45
16460	3	50
16460	4	54
16460	5	58
16460	6	64
16460	7	72
16460	8	78
16460	9	84
16460	10	89
16479	1	33
16479	2	35
16479	3	39
16479	4	42
16479	5	47
16479	6	51
16479	7	55
16479	8	60
16479	9	65
16479	10	73
16479	11	80
16479	12	83
16479	13	85
16479	14	87
16479	15	90
16598	1	39
16598	2	43
16598	3	47
16598	4	53
16598	5	57
16598	6	61
16598	7	66
16598	8	73
16598	9	81
16598	10	88
16601	1	6
16601	2	15
16601	3	18
16601	4	20
16601	5	22
16601	6	25
16601	7	28
16601	8	31
16601	9	34
16601	10	37
16601	11	40
16601	12	43
16601	13	46
16601	14	49
16601	15	52
16602	1	11
16602	2	16
16602	3	17
16602	4	19
16602	5	23
16602	6	26
16602	7	29
16602	8	33
16602	9	36
16602	10	39
16602	11	42
16602	12	46
16602	13	50
16602	14	53
16602	15	56
16621	1	24
16621	2	27
16621	3	32
16621	4	35
16621	5	38
16621	6	41
16621	7	45
16621	8	49
16621	9	53
16621	10	56
16621	11	61
16621	12	65
16621	13	69
16621	14	75
16621	15	79
16627	1	15
16627	2	18
16627	3	24
16627	4	28
16627	5	32
16627	6	36
16627	7	40
16627	8	44
16627	9	51
16627	10	59
16628	1	1
16628	2	15
16628	3	17
16628	4	19
16628	5	21
16628	6	24
16628	7	27
16628	8	30
16628	9	34
16628	10	36
16629	1	39
16629	2	43
16629	3	47
16629	4	53
16629	5	57
16629	6	61
16629	7	66
16629	8	73
16629	9	81
16629	10	88
16633	1	42
16633	2	45
16633	3	50
16633	4	54
16633	5	58
16633	6	64
16633	7	72
16633	8	78
16633	9	84
16633	10	89
16870	1	27
16870	2	30
16870	3	34
16870	4	38
16870	5	42
16870	6	46
16870	7	50
16870	8	54
16870	9	58
16870	10	63
17057	1	36
17057	2	39
17057	3	43
17057	4	47
17057	5	52
17057	6	56
17057	7	62
17057	8	70
17057	9	77
17057	10	82

 -- by 每天涨停@梦江南 $ Jx3UnPack-PAKV3 jx3.mail@gmail.com