ID	Level	TypeID	SkillID	IconID	Name	Desc	BindSkillID	ExamPrint	ShowNewRecipeTip	nPriority
0	0	0	0	0	测试	测试	0	-1	1	0
1	1	0	55	0	Test	测试				
3	1	0	0	0	测试	测试				
4	1	0	0	0	测试	测试				
10	1	2	356	1825	《坐忘经・返本归元》注解残页	施展招式的消耗降低20%。		15		
11	1	2	356	1825	《坐忘经・返本归元》注解断篇	施展招式的消耗降低20%。		25		
12	1	2	356	1825	《坐忘经・返本归元》注解绝章	施展招式的消耗降低20%。		15		
13	1	9	356	1832	《坐忘经・返本归元》真传残页	招式的有效距离增加2尺。		30		
14	1	9	356	1832	《坐忘经・返本归元》真传断篇	招式的有效距离增加2尺。		30		
15	1	9	356	1832	《坐忘经・返本归元》真传绝章	招式的有效距离增加2尺。		45		
16	1	8	356	1831	《坐忘经・返本归元》人偶图残页	能卸除额外一个点穴不利效果。		65		
17	1	8	356	1831	《坐忘经・返本归元》人偶图断篇	能卸除额外一个减速不利效果。		60		
18	1	8	356	1831	《坐忘经・返本归元》人偶图绝章	招式立刻恢复一定气血值。		110		
19	1	5	301	1828	《北冥剑气・两仪化形》秘诀残页	会心提高2%。		160		
20	1	5	301	1828	《北冥剑气・两仪化形》秘诀断篇	会心提高3%。		185		
21	1	5	301	1828	《北冥剑气・两仪化形》秘诀绝章	会心提高4%。		275		
22	1	7	301	1830	《北冥剑气・两仪化形》详解残页	命中提高1%。		210		
23	1	7	301	1830	《北冥剑气・两仪化形》详解断篇	命中提高2%。		225		
24	1	6	301	1829	《北冥剑气・两仪化形》参悟残页	伤害提高3%。		160		
25	1	6	301	1829	《北冥剑气・两仪化形》参悟断篇	伤害提高4%。		175		
26	1	6	301	1829	《北冥剑气・两仪化形》参悟绝章	伤害提高5%。		170		
27	1	8	301	1831	《北冥剑气・两仪化形》人偶图残页	命中目标则续气半格。		390		
28	1	3	361	1826	《纯阳诀・凌太虚》经脉图残页	运功时间减少0.125秒。		130		
29	1	3	361	1826	《纯阳诀・凌太虚》经脉图断篇	运功时间减少0.125秒。		130		
30	1	3	361	1826	《纯阳诀・凌太虚》经脉图绝章	运功时间减少0.125秒。		130		
31	1	2	361	1825	《纯阳诀・凌太虚》注解残页	施展招式的消耗降低20%。		20		
32	1	2	361	1825	《纯阳诀・凌太虚》注解断篇	施展招式的消耗降低30%。		30		
33	1	2	361	1825	《纯阳诀・凌太虚》注解绝章	施展招式的消耗降低40%。		20		
34	1	12	361	1832	《纯阳诀・凌太虚》真传残页	招式的有效范围增加1尺。		60		
35	1	12	361	1832	《纯阳诀・凌太虚》真传断篇	招式的有效范围增加1尺。		45		
36	1	12	361	1832	《纯阳诀・凌太虚》真传绝章	招式的有效范围增加1尺。		45		
37	1	1	355	1824	《坐忘经・凭虚御风》穴位图残页	调息时间减少15秒。		335		
38	1	1	355	1824	《坐忘经・凭虚御风》穴位图断篇	调息时间减少15秒。		390		
39	1	2	355	1825	《坐忘经・凭虚御风》注解绝章	施展招式的消耗降低30%。		105		3
40	1	2	355	1825	《坐忘经・凭虚御风》注解残页	施展招式的消耗降低20%。		100		1
41	1	2	355	1825	《坐忘经・凭虚御风》注解断篇	施展招式的消耗降低30%。		165		2
42	1	8	355	1831	《坐忘经・凭虚御风》人偶图绝章	闪避提高50%，持续5秒。		105		3
43	1	10	355	1833	《坐忘经・凭虚御风》手抄断篇	招式附加效果持续时间增加3秒。		295		
44	1	8	355	1831	《坐忘经・凭虚御风》人偶图残页	移动速度提高30%，持续5秒。		335		1
45	1	8	355	1831	《坐忘经・凭虚御风》人偶图断篇	能卸除额外一个混元性伤害状态。		385		2
46	1	3	359	1826	《纯阳诀・破苍穹》经脉图残页	运功时间减少0.125秒。		130		
47	1	3	359	1826	《纯阳诀・破苍穹》经脉图断篇	运功时间减少0.125秒。		130		
48	1	3	359	1826	《纯阳诀・破苍穹》经脉图绝章	运功时间减少0.125秒。		130		
49	1	2	359	1825	《纯阳诀・破苍穹》注解残页	施展招式的消耗降低20%。		20		
50	1	2	359	1825	《纯阳诀・破苍穹》注解断篇	施展招式的消耗降低30%。		30		
51	1	2	359	1825	《纯阳诀・破苍穹》注解绝章	施展招式的消耗降低40%。		20		
52	1	12	359	1832	《纯阳诀・破苍穹》真传残页	招式的有效范围增加1尺。		60		
53	1	12	359	1832	《纯阳诀・破苍穹》真传断篇	招式的有效范围增加1尺。		45		
54	1	12	359	1832	《纯阳诀・破苍穹》真传绝章	招式的有效范围增加1尺。		45		
55	1	1	588	1824	《天道剑势・人剑合一》穴位图残页	调息时间减少2秒。		385		
56	1	1	588	1824	《天道剑势・人剑合一》穴位图断篇	调息时间减少3秒。		345		
57	1	9	588	1832	《天道剑势・人剑合一》真传残页	招式的有效距离增加1尺。		220		
58	1	9	588	1832	《天道剑势・人剑合一》真传断篇	招式的有效距离增加1尺。		220		
59	1	9	588	1832	《天道剑势・人剑合一》真传绝章	招式的有效距离增加1尺。		280		
60	1	6	588	1829	《天道剑势・人剑合一》参悟残页	伤害提高40%。		145		
61	1	6	588	1829	《天道剑势・人剑合一》参悟断篇	伤害提高60%。		135		
62	1	8	588	1831	《天道剑势・人剑合一》人偶图残页	招式附加额外的持续伤害，持续12秒。		390		
63	1	8	905	1831	《天道剑势・人剑合一》人偶图断篇	回复气血效果提高100%。				
64	1	1	364	1824	《天道剑势・三环套月》穴位图残页	调息时间减少0.5秒。		85		
65	1	5	364	1828	《天道剑势・三环套月》秘诀残页	会心提高2%。		35		
66	1	5	364	1828	《天道剑势・三环套月》秘诀断篇	会心提高3%。		40		
67	1	5	364	1828	《天道剑势・三环套月》秘诀绝章	会心提高4%。		35		
68	1	7	364	1830	《天道剑势・三环套月》详解残页	命中提高1%。		55		
69	1	7	364	1830	《天道剑势・三环套月》详解断篇	命中提高2%。		55		
70	1	6	364	1829	《天道剑势・三环套月》参悟残页	伤害提高3%。		35		
71	1	6	364	1829	《天道剑势・三环套月》参悟断篇	伤害提高4%。		35		
72	1	6	364	1829	《天道剑势・三环套月》参悟绝章	伤害提高5%。		40		
73	1	3	358	1826	《纯阳诀・生太极》经脉图残页	运功时间减少0.125秒。		210		
74	1	3	358	1826	《纯阳诀・生太极》经脉图断篇	运功时间减少0.125秒。		310		
75	1	3	358	1826	《纯阳诀・生太极》经脉图绝章	运功时间减少0.125秒。		315		
76	1	2	358	1825	《纯阳诀・生太极》注解残页	施展招式的消耗降低20%。		45		
77	1	2	358	1825	《纯阳诀・生太极》注解断篇	施展招式的消耗降低30%。		45		
78	1	2	358	1825	《纯阳诀・生太极》注解绝章	施展招式的消耗降低40%。		45		
79	1	12	358	1832	《纯阳诀・生太极》真传残页	招式的有效范围增加1尺。		120		
80	1	12	358	1832	《纯阳诀・生太极》真传断篇	招式的有效范围增加1尺。		125		
81	1	12	358	1832	《纯阳诀・生太极》真传绝章	招式的有效范围增加1尺。		110		
82	1	3	367	1826	《北冥剑气・四象轮回》经脉图残页	运功时间减少0.25秒。		390		
83	1	3	367	1826	《北冥剑气・四象轮回》经脉图断篇	运功时间减少0.25秒。		390		
84	1	5	367	1828	《北冥剑气・四象轮回》秘诀残页	会心提高2%。		155		
85	1	5	367	1828	《北冥剑气・四象轮回》秘诀断篇	会心提高3%。		165		
86	1	5	367	1828	《北冥剑气・四象轮回》秘诀绝章	会心提高4%。		370		
87	1	9	367	1832	《北冥剑气・四象轮回》真传残页	招式的有效距离增加1尺。		205		
88	1	9	367	1832	《北冥剑气・四象轮回》真传断篇	招式的有效距离增加1尺。		245		
89	1	9	367	1832	《北冥剑气・四象轮回》真传绝章	招式的有效距离增加1尺。		390		
90	1	8	367	1831	《北冥剑气・四象轮回》人偶图残页	招式的减速效果提高10%。		390		
91	1	2	306	1825	《北冥剑气・太极无极》注解残页	施展招式的消耗降低30%。		30		
92	1	5	306	1828	《北冥剑气・太极无极》秘诀残页	会心提高2%。		35		
93	1	5	306	1828	《北冥剑气・太极无极》秘诀断篇	会心提高3%。		40		
94	1	5	306	1828	《北冥剑气・太极无极》秘诀绝章	会心提高4%。		35		
95	1	7	306	1830	《北冥剑气・太极无极》详解残页	命中提高1%。		55		
96	1	7	306	1830	《北冥剑气・太极无极》详解断篇	命中提高2%。		55		
97	1	6	306	1829	《北冥剑气・太极无极》参悟残页	伤害提高15%。		35		
98	1	6	306	1829	《北冥剑气・太极无极》参悟断篇	伤害提高15%。		35		
99	1	6	306	1829	《北冥剑气・太极无极》参悟绝章	伤害提高20%。		40		
100	1	5	365	1828	《天道剑势・无我无剑》秘诀残页	会心提高2%。		140		
101	1	5	365	1828	《天道剑势・无我无剑》秘诀断篇	会心提高3%。		165		
102	1	5	365	1828	《天道剑势・无我无剑》秘诀绝章	会心提高4%。		250		
103	1	7	365	1830	《天道剑势・无我无剑》详解残页	命中提高1%。		190		
104	1	7	365	1830	《天道剑势・无我无剑》详解断篇	命中提高2%。		205		
105	1	6	365	1829	《天道剑势・无我无剑》参悟残页	伤害提高3%。		140		
106	1	6	365	1829	《天道剑势・无我无剑》参悟断篇	伤害提高4%。		155		
107	1	6	365	1829	《天道剑势・无我无剑》参悟绝章	伤害提高5%。		150		
108	1	8	365	1831	《天道剑势・无我无剑》人偶图残页	命中目标则续气半格。		390		
109	1	1	312	1824	《坐忘经・坐忘无我》穴位图残页	调息时间减少2秒。		60		
110	1	1	312	1824	《坐忘经・坐忘无我》穴位图断篇	调息时间减少4秒。		220		
111	1	2	312	1825	《坐忘经・坐忘无我》注解残页	施展招式的消耗降低20%。		25		
112	1	2	312	1825	《坐忘经・坐忘无我》注解断篇	施展招式的消耗降低25%。		30		
113	1	2	312	1825	《坐忘经・坐忘无我》注解绝章	施展招式的消耗降低30%。		30		
114	1	1	312	1824	《坐忘经・坐忘无我》穴位图绝章	调息时间减少6秒。		70		
115	1	8	312	1831	《坐忘经・坐忘无我》人偶图残页	移动速度提高10%，持续6秒。		100		
116	1	8	312	1831	《坐忘经・坐忘无我》人偶图断篇	招式立刻恢复一定内力值。		90		
117	1	8	312	1831	《坐忘经・坐忘无我》人偶图绝章	招式立刻恢复一定气血值。		235		
118	1	1	49	1879	《扫叶腿法・回风扫叶》穴位图残页	调息时间减少0.5秒。				
119	1	1	49	1879	《扫叶腿法・回风扫叶》穴位图断篇	调息时间减少0.7秒。				
120	1	1	49	1879	《扫叶腿法・回风扫叶》穴位图绝章	调息时间减少0.8秒。				
121	1	2	49	1880	《扫叶腿法・回风扫叶》注解残页	施展招式的消耗降低40%。				
122	1	2	49	1880	《扫叶腿法・回风扫叶》注解断篇	施展招式的消耗降低50%。				
123	1	6	49	1884	《扫叶腿法・回风扫叶》参悟残页	伤害提高100%。				
124	1	6	49	1884	《扫叶腿法・回风扫叶》参悟断篇	伤害提高100%。				
125	1	1	58	1879	《混元气・猛虎下山》穴位图残页	调息时间减少5秒。				
126	1	1	58	1879	《混元气・猛虎下山》穴位图断篇	调息时间减少10秒。				
127	1	2	58	1880	《混元气・猛虎下山》注解残页	施展招式的消耗降低10%。				
128	1	8	58	1886	《混元气・猛虎下山》人偶图残页	招式附加气血恢复，持续9秒。				
129	1	8	58	1886	《混元气・猛虎下山》人偶图断篇	招式附加气血恢复，持续9秒。				
130	1	8	58	1886	《混元气・猛虎下山》人偶图绝章	招式附加气血恢复，持续9秒。				
131	1	1	564	1835	《猿公剑法・剑灵寰宇》穴位图残页	调息时间减少2秒。		100		
132	1	1	564	1835	《猿公剑法・剑灵寰宇》穴位图断篇	调息时间减少3秒。		110		
133	1	2	564	1836	《猿公剑法・剑灵寰宇》注解残页	施展招式的消耗降低20%。		40		
134	1	2	564	1836	《猿公剑法・剑灵寰宇》注解断篇	施展招式的消耗降低20%。		45		
135	1	9	564	1843	《猿公剑法・剑灵寰宇》真传残页	招式的有效距离增加2尺。		65		
136	1	6	564	1840	《猿公剑法・剑灵寰宇》参悟残页	伤害提高15%。		50		
137	1	6	564	1840	《猿公剑法・剑灵寰宇》参悟断篇	伤害提高15%。		85		
138	1	6	564	1840	《猿公剑法・剑灵寰宇》参悟绝章	伤害提高20%。		55		
139	1	1	561	1835	《猿公剑法・剑气长江》穴位图残页	调息时间减少1秒。		390		
140	1	1	561	1835	《猿公剑法・剑气长江》穴位图断篇	调息时间减少1秒。		390		
141	1	2	561	1836	《猿公剑法・剑气长江》注解残页	施展招式的消耗降低10%。		140		
142	1	2	561	1836	《猿公剑法・剑气长江》注解断篇	施展招式的消耗降低10%。		140		
143	1	5	561	1839	《猿公剑法・剑气长江》秘诀残页	会心提高2%。		150		
144	1	5	561	1839	《猿公剑法・剑气长江》秘诀断篇	会心提高3%。		195		
145	1	6	561	1840	《猿公剑法・剑气长江》参悟残页	伤害提高4%。		160		
146	1	6	561	1840	《猿公剑法・剑气长江》参悟断篇	伤害提高6%。		155		
147	1	2	562	1836	《猿公剑法・剑主天地》注解残页	施展招式的消耗降低10%。		120		
148	1	2	562	1836	《猿公剑法・剑主天地》注解断篇	施展招式的消耗降低10%。		125		
149	1	9	562	1843	《猿公剑法・剑主天地》真传残页	招式的有效距离增加1尺。		175		
150	1	9	562	1843	《猿公剑法・剑主天地》真传断篇	招式的有效距离增加1尺。		205		
151	1	6	562	1840	《猿公剑法・剑主天地》参悟残页	伤害提高3%。		135		
152	1	6	562	1840	《猿公剑法・剑主天地》参悟断篇	伤害提高4%。		160		
153	1	8	562	1842	《猿公剑法・剑主天地》人偶图残页	招式减速效果提高15%，施展后立即为自身回复3层剑舞。		390		
154	1	2	553	1836	《西河剑器・江海凝光》注解残页	施展招式的消耗降低10%。		30		
155	1	5	553	1839	《西河剑器・江海凝光》秘诀残页	会心提高2%。		35		
156	1	5	553	1839	《西河剑器・江海凝光》秘诀断篇	会心提高3%。		60		
157	1	9	553	1843	《西河剑器・江海凝光》真传残页	招式的有效距离增加2尺。		45		
158	1	9	553	1843	《西河剑器・江海凝光》真传断篇	招式的有效距离增加2尺。		100		
159	1	9	553	1843	《西河剑器・江海凝光》真传绝章	招式的有效距离增加2尺。		65		
160	1	6	553	1840	《西河剑器・江海凝光》参悟残页	伤害提高15%。		35		
161	1	6	553	1840	《西河剑器・江海凝光》参悟断篇	伤害提高15%。		35		
162	1	1	552	1835	《剑器浑脱・邻里曲》穴位图残页	调息时间减少100秒。		120		
163	1	1	552	1835	《剑器浑脱・邻里曲》穴位图断篇	调息时间减少100秒。		120		
164	1	1	552	1835	《剑器浑脱・邻里曲》穴位图绝章	调息时间减少100秒。		120		
165	1	2	552	1836	《剑器浑脱・邻里曲》注解残页	施展招式的消耗降低20%。		35		
166	1	2	552	1836	《剑器浑脱・邻里曲》注解断篇	施展招式的消耗降低30%。		45		
167	1	8	552	1842	《剑器浑脱・邻里曲》人偶图残页	重置“蝶弄足”调息时间。		130		
168	1	8	552	1842	《剑器浑脱・邻里曲》人偶图断篇	重置“帝骖龙翔”调息时间。		190		
169	1	1	573	1835	《剑器浑脱・满堂势》穴位图残页	调息时间减少15秒。		390		
170	1	1	573	1835	《剑器浑脱・满堂势》穴位图断篇	调息时间减少20秒。		315		
171	1	1	573	1835	《剑器浑脱・满堂势》穴位图绝章	调息时间减少25秒。		315		
172	1	2	573	1836	《剑器浑脱・满堂势》注解残页	施展招式的消耗降低20%。		125		
173	1	2	573	1836	《剑器浑脱・满堂势》注解断篇	施展招式的消耗降低30%。		105		
174	1	8	573	1842	《剑器浑脱・满堂势》人偶图残页	招式附加闪避值提高10%，持续5秒。		390		
175	1	8	573	1842	《剑器浑脱・满堂势》人偶图断篇	招式附加额外内功防御提高30点，持续5秒。		390		
176	1	2	556	1836	《霓裳羽衣・上元点鬟》注解残页	施展招式的消耗降低5%。		40		
177	1	2	556	1836	《霓裳羽衣・上元点鬟》注解断篇	施展招式的消耗降低10%。		55		
178	1	2	556	1836	《霓裳羽衣・上元点鬟》注解绝章	施展招式的消耗降低10%。		60		
179	1	9	556	1843	《霓裳羽衣・上元点鬟》真传残页	招式的有效距离增加2尺。		65		
180	1	9	556	1843	《霓裳羽衣・上元点鬟》真传断篇	招式的有效距离增加2尺。		165		
181	1	9	556	1843	《霓裳羽衣・上元点鬟》真传绝章	招式的有效距离增加2尺。		75		
182	1	8	556	1842	《霓裳羽衣・上元点鬟》人偶图断篇	疗伤成效提高7%。		175		
183	1	1	557	1835	《西河剑器・天地低昂》穴位图残页	调息时间减少15秒。		250		
184	1	1	557	1835	《西河剑器・天地低昂》穴位图断篇	调息时间减少15秒。		250		
185	1	2	557	1836	《西河剑器・天地低昂》注解残页	施展招式的消耗降低20%。		115		
186	1	2	557	1836	《西河剑器・天地低昂》注解断篇	施展招式的消耗降低30%。		165		
187	1	10	557	1844	《西河剑器・天地低昂》手抄残页	招式附加效果持续时间增加3秒。		390		
188	1	8	557	1842	《西河剑器・天地低昂》人偶图断篇	招式附加内力恢复，持续12秒。		320		2
189	1	8	557	1842	《西河剑器・天地低昂》人偶图残页	招式附加气血恢复，持续9秒。		375		1
190	1	2	554	1836	《霓裳羽衣・翔鸾舞柳》注解残页	施展招式的消耗降低5%。		105		
191	1	2	554	1836	《霓裳羽衣・翔鸾舞柳》注解断篇	施展招式的消耗降低10%。		105		
192	1	9	554	1843	《霓裳羽衣・翔鸾舞柳》真传残页	招式的有效距离增加2尺。		135		
193	1	9	554	1843	《霓裳羽衣・翔鸾舞柳》真传断篇	招式的有效距离增加2尺。		150		
194	1	9	554	1843	《霓裳羽衣・翔鸾舞柳》真传绝章	招式的有效距离增加2尺。		390		
195	1	8	554	1842	《霓裳羽衣・翔鸾舞柳》人偶图残页	疗伤成效提高3%。		170		
196	1	8	554	1842	《霓裳羽衣・翔鸾舞柳》人偶图断篇	疗伤成效提高5%。		250		
197	1	1	551	1835	《剑器浑脱・心鼓弦》穴位图残页	调息时间减少120秒。		85		
198	1	1	551	1835	《剑器浑脱・心鼓弦》穴位图断篇	调息时间减少180秒。		150		
199	1	1	551	1835	《剑器浑脱・心鼓弦》穴位图绝章	调息时间减少240秒。		270		
200	1	3	551	1837	《剑器浑脱・心鼓弦》经脉图残页	运功时间减少0.25秒。		235		
201	1	3	551	1837	《剑器浑脱・心鼓弦》经脉图断篇	运功时间减少0.25秒。		175		
202	1	3	551	1837	《剑器浑脱・心鼓弦》经脉图绝章	运功时间减少0.25秒。		215		
203	1	9	551	1843	《剑器浑脱・心鼓弦》真传残页	招式的有效距离增加4尺。		75		
204	1	1	570	1835	《西河剑器・月华倾泻》穴位图残页	调息时间减少5秒。		100		
205	1	1	570	1835	《西河剑器・月华倾泻》穴位图断篇	调息时间减少10秒。		215		
206	1	1	570	1835	《西河剑器・月华倾泻》穴位图绝章	调息时间减少15秒。		275		
207	1	2	570	1836	《西河剑器・月华倾泻》注解残页	施展招式的消耗降低10%。		45		
208	1	2	570	1836	《西河剑器・月华倾泻》注解断篇	施展招式的消耗降低20%。		40		
209	1	9	570	1843	《西河剑器・月华倾泻》真传残页	招式的有效距离增加4尺。		75		
210	1	8	570	1842	《西河剑器・月华倾泻》人偶图残页	招式附加气血恢复，持续9秒。		160		
211	1	2	567	1836	《霓裳羽衣・左旋右转》注解残页	施展招式的消耗降低10%。		50		
212	1	2	567	1836	《霓裳羽衣・左旋右转》注解断篇	施展招式的消耗降低15%。		50		
213	1	12	567	1843	《霓裳羽衣・左旋右转》真传残页	招式的有效范围增加1尺。		50		
214	1	12	567	1843	《霓裳羽衣・左旋右转》真传断篇	招式的有效范围增加1尺。		50		
215	1	12	567	1843	《霓裳羽衣・左旋右转》真传绝章	招式的有效范围增加1尺。		115		
216	1	8	567	1842	《霓裳羽衣・左旋右转》人偶图残页	疗伤成效提高3%。		80		
217	1	8	567	1842	《霓裳羽衣・左旋右转》人偶图断篇	疗伤成效提高5%。		105		
218	1	2	239	1847	《龙爪功・抱残式》注解残页	施展招式的消耗降低10%。		35		
219	1	2	239	1847	《龙爪功・抱残式》注解断篇	施展招式的消耗降低15%。		55		
220	1	2	239	1847	《龙爪功・抱残式》注解绝章	施展招式的消耗降低20%。		35		
221	1	10	239	1855	《龙爪功・抱残式》手抄残页	招式附加效果持续时间增加2秒。		115		
222	1	1	239	1846	《龙爪功・抱残式》穴位图残页	调息时间减少1秒。		160		
223	1	9	239	1854	《龙爪功・抱残式》真传残页	招式的有效距离增加1尺。		50		
224	1	9	239	1854	《龙爪功・抱残式》真传断篇	招式的有效距离增加1尺。		60		
225	1	9	239	1854	《龙爪功・抱残式》真传绝章	招式的有效距离增加1尺。		95		
226	1	8	239	1853	《龙爪功・抱残式》人偶图断篇	招式效果提高10%。		265		
227	1	1	238	1846	《龙爪功・捕风式》穴位图残页	调息时间减少0.5秒。		125		
228	1	1	238	1846	《龙爪功・捕风式》穴位图断篇	调息时间减少0.5秒。		270		
229	1	9	238	1854	《龙爪功・捕风式》真传残页	招式的有效距离增加2尺。		65		
230	1	9	238	1854	《龙爪功・捕风式》真传断篇	招式的有效距离增加2尺。		110		
231	1	7	238	1852	《龙爪功・捕风式》详解残页	命中提高1%。		70		
232	1	7	238	1852	《龙爪功・捕风式》详解断篇	命中提高2%。		75		
233	1	6	238	1851	《龙爪功・捕风式》参悟残页	伤害提高10%。		50		
234	1	6	238	1851	《龙爪功・捕风式》参悟断篇	伤害提高10%。		55		
235	1	6	238	1851	《龙爪功・捕风式》参悟绝章	伤害提高15%。		55		
236	1	1	252	1846	《袈裟伏魔功・大狮子吼》穴位图残页	调息时间减少5秒。		75		
237	1	1	252	1846	《袈裟伏魔功・大狮子吼》穴位图断篇	调息时间减少10秒。		75		
238	1	1	252	1846	《袈裟伏魔功・大狮子吼》穴位图绝章	调息时间减少10秒。		220		
239	1	2	252	1847	《袈裟伏魔功・大狮子吼》注解残页	施展招式的消耗降低20%。		30		
240	1	2	252	1847	《袈裟伏魔功・大狮子吼》注解断篇	施展招式的消耗降低30%。		30		
241	1	9	252	1854	《袈裟伏魔功・大狮子吼》真传残页	招式的有效距离增加1尺。		60		
242	1	9	252	1854	《袈裟伏魔功・大狮子吼》真传断篇	招式的有效距离增加1尺。		85		
243	1	9	252	1854	《袈裟伏魔功・大狮子吼》真传绝章	招式的有效距离增加1尺。		65		
244	1	8	252	1853	《袈裟伏魔功・大狮子吼》人偶图残页	每命中一个目标则增加一点禅那。		185		
245	1	1	257	1846	《达摩武诀・锻骨诀》穴位图残页	调息时间减少5秒。		335		
246	1	1	257	1846	《达摩武诀・锻骨诀》穴位图断篇	调息时间减少10秒。		335		
247	1	1	257	1846	《达摩武诀・锻骨诀》穴位图绝章	调息时间减少10秒。		335		
248	1	2	257	1847	《达摩武诀・锻骨诀》注解残页	施展招式的消耗降低20%。		125		
249	1	2	257	1847	《达摩武诀・锻骨诀》注解断篇	施展招式的消耗降低20%。		115		
250	1	2	257	1847	《达摩武诀・锻骨诀》注解绝章	施展招式的消耗降低20%。		100		
251	1	8	257	1853	《达摩武诀・锻骨诀》人偶图残页	不受内功伤害影响，持续4秒。		380		
252	1	8	257	1853	《达摩武诀・锻骨诀》人偶图断篇	招式附加移动速度提高，持续8秒。		380		
253	1	8	257	1853	《达摩武诀・锻骨诀》人偶图绝章	招式附加气血恢复，持续9秒。		320		
254	1	2	235	1847	《罗汉棍法・横扫六合》注解残页	施展招式的消耗降低10%。		30		
255	1	2	235	1847	《罗汉棍法・横扫六合》注解断篇	施展招式的消耗降低15%。		50		
256	1	2	235	1847	《罗汉棍法・横扫六合》注解绝章	施展招式的消耗降低20%。		30		
257	1	10	235	1855	《罗汉棍法・横扫六合》手抄残页	招式附加效果持续时间增加6秒。		50		
258	1	11	235	1856	《罗汉棍法・横扫六合》气血图残页	招式的有效目标人数增加1个。		85		
259	1	6	235	1851	《罗汉棍法・横扫六合》参悟残页	直接伤害提高50%。		35		
260	1	4	235	1849	《罗汉棍法・横扫六合》注释残页	威胁提高10%。		45		
261	1	4	235	1849	《罗汉棍法・横扫六合》注释断篇	威胁提高15%。		80		
262	1	4	235	1849	《罗汉棍法・横扫六合》注释绝章	强制周围6尺范围内最多5个敌对目标攻击自身，持续3秒。		55		
263	1	1	232	1846	《罗汉棍法・普渡四方》穴位图残页	调息时间减少0.25秒。		95		
264	1	1	232	1846	《罗汉棍法・普渡四方》穴位图断篇	调息时间减少0.25秒。		85		
265	1	7	232	1852	《罗汉棍法・普渡四方》详解残页	命中提高1%。		50		
266	1	7	232	1852	《罗汉棍法・普渡四方》详解断篇	命中提高2%。		65		
267	1	7	232	1852	《罗汉棍法・普渡四方》详解绝章	命中提高2%。		65		
268	1	6	232	1851	《罗汉棍法・普渡四方》参悟残页	伤害提高3%。		40		
269	1	6	232	1851	《罗汉棍法・普渡四方》参悟断篇	伤害提高4%。		85		
270	1	6	232	1851	《罗汉棍法・普渡四方》参悟绝章	伤害提高5%。		45		
271	1	8	232	1853	《罗汉棍法・普渡四方》人偶图残页	招式附加每层阳性内功伤害提高1%，持续15秒，最多叠加5层。		145		
272	1	2	254	1847	《达摩武诀・清音诀》注解残页	施展招式的消耗降低10%。		15		
273	1	2	254	1847	《达摩武诀・清音诀》注解断篇	施展招式的消耗降低15%。		35		
274	1	2	254	1847	《达摩武诀・清音诀》注解绝章	施展招式的消耗降低20%。		15		
275	1	9	254	1854	《达摩武诀・清音诀》真传残页	招式的有效距离增加2尺。		25		
276	1	9	254	1854	《达摩武诀・清音诀》真传断篇	招式的有效距离增加2尺。		25		
277	1	9	254	1854	《达摩武诀・清音诀》真传绝章	招式的有效距离增加2尺。		35		
278	1	8	254	1853	《达摩武诀・清音诀》人偶图残页	能卸除额外一个点穴不利效果。		55		
279	1	8	254	1853	《达摩武诀・清音诀》人偶图断篇	能卸除额外一个减速不利效果。		180		
280	1	8	254	1853	《达摩武诀・清音诀》人偶图绝章	招式附加气血恢复，持续9秒。		180		
281	1	5	2572	1850	《龙爪功・守缺式》秘诀绝章	会心提高4%。		285		3
282	1	2	2572	1847	《龙爪功・守缺式》注解绝章	施展招式的消耗降低15%。		390		3
283	1	2	2572	1847	《龙爪功・守缺式》注解残页	施展招式的消耗降低10%。		125		1
284	1	2	2572	1847	《龙爪功・守缺式》注解断篇	施展招式的消耗降低15%。		125		2
285	1	5	2572	1850	《龙爪功・守缺式》秘诀残页	会心提高2%。		180		1
286	1	5	2572	1850	《龙爪功・守缺式》秘诀断篇	会心提高3%。		285		2
287	1	6	2572	1851	《龙爪功・守缺式》参悟残页	伤害提高3%。		150		
288	1	6	2572	1851	《龙爪功・守缺式》参悟断篇	伤害提高4%。		150		
289	1	6	2572	1851	《龙爪功・守缺式》参悟绝章	伤害提高5%。		150		
290	1	5	233	1850	《罗汉棍法・韦陀献杵》秘诀残页	会心提高2%。		155		
291	1	5	233	1850	《罗汉棍法・韦陀献杵》秘诀断篇	会心提高3%。		175		
292	1	5	233	1850	《罗汉棍法・韦陀献杵》秘诀绝章	会心提高4%。		165		
293	1	7	233	1852	《罗汉棍法・韦陀献杵》详解残页	命中提高1%。		210		
294	1	7	233	1852	《罗汉棍法・韦陀献杵》详解断篇	命中提高2%。		195		
295	1	6	233	1851	《罗汉棍法・韦陀献杵》参悟残页	伤害提高3%。		155		
296	1	6	233	1851	《罗汉棍法・韦陀献杵》参悟断篇	伤害提高4%。		275		
297	1	6	233	1851	《罗汉棍法・韦陀献杵》参悟绝章	伤害提高5%。		170		
298	1	8	233	1853	《罗汉棍法・韦陀献杵》人偶图残页	命中目标则增加一点禅那。		390		
299	1	1	261	1846	《达摩武诀・无相诀》穴位图残页	调息时间减少10秒。		205		
300	1	1	261	1846	《达摩武诀・无相诀》穴位图断篇	调息时间减少20秒。		350		
301	1	8	261	1853	《达摩武诀・无相诀》人偶图断篇	效果被驱散，每提前结束一秒，调息时间降低4秒。		215		2
302	1	2	261	1847	《达摩武诀・无相诀》注解残页	施展招式的消耗降低20%。		105		
303	1	2	261	1847	《达摩武诀・无相诀》注解断篇	施展招式的消耗降低25%。		105		
304	1	2	261	1847	《达摩武诀・无相诀》注解绝章	施展招式的消耗降低30%。		105		
305	1	8	261	1853	《达摩武诀・无相诀》人偶图残页	额外附带5%减伤效果。		355		1
306	1	10	261	1855	《达摩武诀・无相诀》手抄残页	招式附加效果持续时间增加1秒。		375		
307	1	10	261	1855	《达摩武诀・无相诀》手抄断篇	招式附加效果持续时间增加1秒。		390		
308	1	1	249	1846	《袈裟伏魔功・五蕴皆空》穴位图残页	调息时间减少2秒。		135		
309	1	1	249	1846	《袈裟伏魔功・五蕴皆空》穴位图断篇	调息时间减少2秒。		115		
310	1	1	249	1846	《袈裟伏魔功・五蕴皆空》穴位图绝章	调息时间减少2秒。		155		
311	1	2	249	1847	《袈裟伏魔功・五蕴皆空》注解残页	施展招式的消耗降低15%。		70		
312	1	2	249	1847	《袈裟伏魔功・五蕴皆空》注解断篇	施展招式的消耗降低20%。		70		
313	1	9	249	1854	《袈裟伏魔功・五蕴皆空》真传残页	招式的有效距离增加1尺。		80		
314	1	9	249	1854	《袈裟伏魔功・五蕴皆空》真传断篇	招式的有效距离增加1尺。		80		
315	1	9	249	1854	《袈裟伏魔功・五蕴皆空》真传绝章	招式的有效距离增加1尺。		100		
316	1	8	249	1853	《袈裟伏魔功・五蕴皆空》人偶图残页	命中目标则增加一点禅那。		165		
317	1	1	248	1846	《袈裟伏魔功・袖纳乾坤》穴位图残页	调息时间减少5秒。		115		
318	1	1	248	1846	《袈裟伏魔功・袖纳乾坤》穴位图断篇	调息时间减少10秒。		120		
319	1	2	248	1847	《袈裟伏魔功・袖纳乾坤》注解残页	施展招式的消耗降低10%。		25		
320	1	2	248	1847	《袈裟伏魔功・袖纳乾坤》注解断篇	施展招式的消耗降低15%。		35		
321	1	2	248	1847	《袈裟伏魔功・袖纳乾坤》注解绝章	施展招式的消耗降低20%。		35		
322	1	8	248	1853	《袈裟伏魔功・袖纳乾坤》人偶图残页	招式附加效果外功防御提高3%。		65		
323	1	8	248	1853	《袈裟伏魔功・袖纳乾坤》人偶图断篇	招式附加效果外功防御提高3%。		130		
324	1	4	248	1849	《袈裟伏魔功・袖纳乾坤》注释残页	招式附加30%额外的威胁。		80		
325	1	4	248	1849	《袈裟伏魔功・袖纳乾坤》注释断篇	招式附加30%额外的威胁。		110		
326	1	1	441	1857	《奔雷枪术・穿》穴位图残页	调息时间减少0.5秒。		75		
327	1	1	441	1857	《奔雷枪术・穿》穴位图断篇	调息时间减少0.5秒。		220		
328	1	9	441	1865	《奔雷枪术・穿》木刻残页	招式的有效范围增加1尺。		50		
329	1	9	441	1865	《奔雷枪术・穿》木刻断篇	招式的有效范围增加1尺。		40		
330	1	9	441	1865	《奔雷枪术・穿》真传残页	招式的有效距离增加1尺。		85		
331	1	11	441	1867	《奔雷枪术・穿》气血图残页	招式的扇形有效目标人数增加1个。		55		
332	1	11	441	1867	《奔雷枪术・穿》气血图断篇	招式的扇形有效目标人数增加1个。		100		
333	1	1	400	1857	《羽林枪法・穿云》穴位图残页	调息时间减少0.5秒。		140		
334	1	5	400	1861	《羽林枪法・穿云》秘诀残页	会心提高2%。		50		
335	1	5	400	1861	《羽林枪法・穿云》秘诀断篇	会心提高3%。		90		
336	1	7	400	1863	《羽林枪法・穿云》详解残页	命中提高1%。		60		
337	1	7	400	1863	《羽林枪法・穿云》详解断篇	命中提高2%。		75		
338	1	6	400	1862	《羽林枪法・穿云》参悟残页	伤害提高3%。		50		
339	1	6	400	1862	《羽林枪法・穿云》参悟断篇	伤害提高4%。		65		
340	1	1	428	1857	《游龙骑法・断魂刺》穴位图残页	调息时间减少1秒。		220		
341	1	1	428	1857	《游龙骑法・断魂刺》穴位图断篇	调息时间减少1秒。		90		
342	1	2	428	1858	《游龙骑法・断魂刺》注解残页	施展招式的消耗降低15%。		30		
343	1	2	428	1858	《游龙骑法・断魂刺》注解断篇	施展招式的消耗降低20%。		30		
344	1	9	428	1865	《游龙骑法・断魂刺》真传残页	招式的有效距离增加2尺。		50		
345	1	6	428	1862	《游龙骑法・断魂刺》参悟残页	伤害提高3%。		35		
346	1	6	428	1862	《游龙骑法・断魂刺》参悟断篇	伤害提高4%。		40		
347	1	1	412	1857	《虎牙令・疾如风》穴位图残页	调息时间减少20秒。		355		
348	1	1	412	1857	《虎牙令・疾如风》穴位图断篇	调息时间减少20秒。		355		
349	1	2	412	1858	《虎牙令・疾如风》注解绝章	施展招式的消耗降低30%。		365		3
350	1	2	412	1858	《虎牙令・疾如风》注解残页	施展招式的消耗降低20%。		105		1
351	1	2	412	1858	《虎牙令・疾如风》注解断篇	施展招式的消耗降低30%。		155		2
352	1	8	412	1864	《虎牙令・疾如风》人偶图绝章	招式附加移动速度提高，持续5秒。		235		3
353	1	8	412	1864	《虎牙令・疾如风》人偶图残页	招式附加会心提高10%，持续10秒。		385		1
354	1	8	412	1864	《虎牙令・疾如风》人偶图断篇	在疾如风下攻击会心后有50%几率获得虎啸。		390		2
355	1	5	415	1861	《羽林枪法・龙牙》秘诀绝章	会心提高4%。		185		3
356	1	6	415	1862	《羽林枪法・龙牙》参悟绝章	伤害提高5%。		170		3
357	1	5	415	1861	《羽林枪法・龙牙》秘诀残页	会心提高2%。		155		1
358	1	5	415	1861	《羽林枪法・龙牙》秘诀断篇	会心提高3%。		165		2
359	1	7	415	1863	《羽林枪法・龙牙》详解残页	命中提高1%。		190		
360	1	7	415	1863	《羽林枪法・龙牙》详解断篇	命中提高2%。		215		
361	1	6	415	1862	《羽林枪法・龙牙》参悟残页	伤害提高3%。		155		1
362	1	6	415	1862	《羽林枪法・龙牙》参悟断篇	伤害提高4%。		275		2
363	1	1	423	1857	《奔雷枪术・灭》穴位图残页	调息时间减少1秒。		120		
364	1	2	423	1858	《奔雷枪术・灭》注解残页	施展招式的消耗降低5%。		35		
365	1	2	423	1858	《奔雷枪术・灭》注解断篇	施展招式的消耗降低5%。		35		
366	1	2	423	1858	《奔雷枪术・灭》注解绝章	施展招式的消耗降低5%。		35		
367	1	5	423	1861	《奔雷枪术・灭》秘诀残页	会心提高2%。		45		
368	1	5	423	1861	《奔雷枪术・灭》秘诀断篇	会心提高3%。		45		
369	1	6	423	1862	《奔雷枪术・灭》参悟残页	伤害提高3%。		50		
370	1	6	423	1862	《奔雷枪术・灭》参悟断篇	伤害提高4%。		90		
371	1	1	401	1857	《羽林枪法・破风》穴位图残页	调息时间减少0.5秒。		165		
372	1	1	401	1857	《羽林枪法・破风》穴位图断篇	调息时间减少1秒。		390		
373	1	2	401	1858	《羽林枪法・破风》注解残页	施展招式的消耗降低10%。		105		
374	1	2	401	1858	《羽林枪法・破风》注解断篇	施展招式的消耗降低20%。		110		
375	1	10	401	1866	《羽林枪法・破风》手抄残页	招式效果持续时间增加4秒。		260		
376	1	4	401	1860	《羽林枪法・破风》注释残页	威胁提高10%。		130		
377	1	4	401	1860	《羽林枪法・破风》注释断篇	威胁提高15%。		155		
378	1	1	426	1857	《游龙骑法・破坚阵》穴位图残页	调息时间减少1秒。		135		
379	1	1	426	1857	《游龙骑法・破坚阵》穴位图断篇	调息时间减少1秒。		85		
380	1	1	426	1857	《游龙骑法・破坚阵》穴位图绝章	调息时间减少1秒。		245		
381	1	2	426	1858	《游龙骑法・破坚阵》注解残页	施展招式的消耗降低100%。		45		
382	1	8	426	1864	《游龙骑法・破坚阵》人偶图残页	招式附加绕足效果，持续10秒。		265		
383	1	8	426	1864	《游龙骑法・破坚阵》人偶图断篇	招式附加绕足效果，持续10秒。		130		
384	1	8	426	1864	《游龙骑法・破坚阵》人偶图绝章	招式附加绕足效果，持续10秒。		145		
385	1	1	413	1857	《虎牙令・守如山》穴位图残页	调息时间减少60秒。		390		
386	1	1	413	1857	《虎牙令・守如山》穴位图断篇	调息时间减少60秒。		390		
387	1	1	413	1857	《虎牙令・守如山》穴位图绝章	调息时间减少60秒。		390		
388	1	2	413	1858	《虎牙令・守如山》注解残页	施展招式的消耗降低100%。		100		
389	1	10	413	1866	《虎牙令・守如山》手抄残页	招式效果持续时间增加3秒。		285		
390	1	8	413	1864	《虎牙令・守如山》人偶图残页	招式附加气血恢复，持续15秒，最多叠加3层。		300		
391	1	8	413	1864	《虎牙令・守如山》人偶图断篇	招式附加气血恢复，持续15秒，最多叠加3层。		370		
392	1	8	413	1864	《虎牙令・守如山》人偶图绝章	招式附加气血恢复，持续15秒，最多叠加3层。		390		
393	1	8	418	1864	《奔雷枪术・突》人偶图残页	解除自身减速效果。		135		
394	1	8	418	1864	《奔雷枪术・突》人偶图断篇	解除自身锁足效果。		195		
395	1	2	418	1858	《奔雷枪术・突》注解残页	施展招式的消耗降低15%。		35		
396	1	2	418	1858	《奔雷枪术・突》注解断篇	施展招式的消耗降低20%。		60		
397	1	9	418	1865	《奔雷枪术・突》真传残页	招式的有效距离增加2尺。		95		
398	1	6	418	1862	《奔雷枪术・突》参悟残页	伤害提高3%。		50		
399	1	6	418	1862	《奔雷枪术・突》参悟断篇	伤害提高4%。		45		
400	1	1	422	1857	《虎牙令・啸如虎》穴位图残页	调息时间减少10秒。		260		
401	1	1	422	1857	《虎牙令・啸如虎》穴位图断篇	调息时间减少10秒。		390		
402	1	1	422	1857	《虎牙令・啸如虎》穴位图绝章	调息时间减少10秒。		390		
403	1	10	422	1866	《虎牙令・啸如虎》手抄残页	招式效果持续时间增加2秒。		295		
404	1	8	422	1864	《虎牙令・啸如虎》人偶图残页	招式附加外功防御提高10%，持续10秒，最多叠加3层。		240		
405	1	8	422	1864	《虎牙令・啸如虎》人偶图断篇	招式附加外功防御提高10%，持续10秒，最多叠加3层。		390		
406	1	8	422	1864	《虎牙令・啸如虎》人偶图绝章	招式附加外功防御提高10%，持续10秒，最多叠加3层。		390		
407	1	2	427	1858	《游龙骑法・战八方》注解残页	施展招式的消耗降低5%。	427	15		
408	1	2	427	1858	《游龙骑法・战八方》注解断篇	施展招式的消耗降低10%。	427	20		
409	1	2	427	1858	《游龙骑法・战八方》注解绝章	施展招式的消耗降低15%。	427	50		
410	1	9	427	1865	《游龙骑法・战八方》真传残页	招式的有效范围增加2尺。	427	30		
411	1	11	427	1867	《游龙骑法・战八方》气血图残页	招式的有效目标人数增加1个。	427	45		
412	1	6	427	1862	《游龙骑法・战八方》参悟残页	伤害提高5%。	427	20		
413	1	6	427	1862	《游龙骑法・战八方》参悟断篇	伤害提高5%。	427	25		
414	1	3	142	1870	《太素九针・长针》经脉图残页	运功时间减少0.25秒。		215		
415	1	3	142	1870	《太素九针・长针》经脉图断篇	运功时间减少0.25秒。		215		
416	1	2	142	1869	《太素九针・长针》注解残页	施展招式的消耗降低5%。		45		
417	1	2	142	1869	《太素九针・长针》注解断篇	施展招式的消耗降低10%。		50		
418	1	9	142	1876	《太素九针・长针》真传残页	招式的有效距离增加4尺。		65		
419	1	8	142	1875	《太素九针・长针》人偶图残页	疗伤成效提高4%。		160		
420	1	8	142	1875	《太素九针・长针》人偶图断篇	疗伤成效提高5%。		295		
421	1	1	132	1868	《养心诀・春泥护花》穴位图残页	调息时间减少3秒。		185		
422	1	1	132	1868	《养心诀・春泥护花》穴位图断篇	调息时间减少3秒。		190		
423	1	1	132	1868	《养心诀・春泥护花》穴位图绝章	调息时间减少3秒。		390		
424	1	2	132	1869	《养心诀・春泥护花》注解残页	施展招式的消耗降低10%。		125		
425	1	2	132	1869	《养心诀・春泥护花》注解断篇	施展招式的消耗降低15%。		125		
426	1	8	132	1875	《养心诀・春泥护花》人偶图残页	招式附加气血恢复，持续9秒。		340		
427	1	8	132	1875	《养心诀・春泥护花》人偶图断篇	立即回复目标大量气血值。		390		
428	1	8	132	1875	《养心诀・春泥护花》人偶图绝章	招式附加受到的伤害降低5%。		350		
429	1	3	188	1870	《百花拂穴手・浮花浪蕊》经脉图残页	运功时间减少0.25秒。		180		
430	1	2	188	1869	《百花拂穴手・浮花浪蕊》注解断篇	施展招式的消耗降低25%。		100		
431	1	6	188	1873	《百花拂穴手・浮花浪蕊》参悟残页	伤害提高5%。		40		
432	1	6	188	1873	《百花拂穴手・浮花浪蕊》参悟断篇	伤害提高10%。		65		
433	1	6	188	1873	《百花拂穴手・浮花浪蕊》参悟绝章	伤害提高15%。		40		
434	1	8	188	1875	《百花拂穴手・浮花浪蕊》人偶图残页	招式附加浮花不利气劲，内力消耗提高5%，持续9秒，最多叠加5层。		155		
435	1	8	188	1875	《百花拂穴手・浮花浪蕊》人偶图断篇	招式附加浮花不利气劲，内力消耗提高5%，持续9秒，最多叠加5层。		155		
436	1	3	137	1870	《太素九针・局针》经脉图残页	运功时间减少0.125秒。		365		
437	1	3	137	1870	《太素九针・局针》经脉图断篇	运功时间减少0.125秒。		380		
438	1	2	137	1869	《太素九针・局针》注解残页	施展招式的消耗降低5%。		140		
439	1	2	137	1869	《太素九针・局针》注解断篇	施展招式的消耗降低10%。		140		
440	1	9	137	1876	《太素九针・局针》真传残页	招式的有效距离增加4尺。		230		
441	1	8	137	1875	《太素九针・局针》人偶图残页	疗伤成效提高4%。		210		
442	1	8	137	1875	《太素九针・局针》人偶图断篇	疗伤成效提高5%。		390		
443	1	1	190	1868	《百花拂穴手・兰摧玉折》穴位图残页	调息时间减少0.5秒。		265		
444	1	1	190	1868	《百花拂穴手・兰摧玉折》穴位图断篇	调息时间减少0.5秒。		220		
445	1	1	190	1868	《百花拂穴手・兰摧玉折》穴位图绝章	调息时间减少0.5秒。		390		
446	1	3	190	1870	《百花拂穴手・兰摧玉折》经脉图残页	运功时间减少0.25秒。		390		
447	1	2	190	1869	《百花拂穴手・兰摧玉折》注解残页	施展招式的消耗降低5%。		125		
448	1	2	190	1869	《百花拂穴手・兰摧玉折》注解断篇	施展招式的消耗降低10%。		140		
449	1	10	190	1877	《百花拂穴手・兰摧玉折》手抄残页	招式效果持续时间增加3秒。		385		
450	1	2	133	1869	《养心诀・清风垂露》注解残页	施展招式的消耗降低20%。		30		
451	1	9	133	1876	《养心诀・清风垂露》真传残页	招式的有效距离增加2尺。		50		
452	1	9	133	1876	《养心诀・清风垂露》真传断篇	招式的有效距离增加2尺。		85		
453	1	9	133	1876	《养心诀・清风垂露》真传绝章	招式的有效距离增加2尺。		65		
454	1	8	133	1875	《养心诀・清风垂露》人偶图残页	能卸除额外一个点穴状态。		130		
455	1	8	133	1875	《养心诀・清风垂露》人偶图断篇	能卸除额外一个点穴状态。		130		
456	1	8	133	1875	《养心诀・清风垂露》人偶图绝章	招式立刻恢复一定气血值。		185		
457	1	2	180	1869	《点穴截脉・商阳指》注解残页	施展招式的消耗降低5%。		35		
458	1	2	180	1869	《点穴截脉・商阳指》注解断篇	施展招式的消耗降低5%。		35		
459	1	2	180	1869	《点穴截脉・商阳指》注解绝章	施展招式的消耗降低10%。		60		
460	1	10	180	1877	《点穴截脉・商阳指》手抄残页	招式效果持续时间增加3秒。		100		
461	1	9	180	1876	《点穴截脉・商阳指》真传残页	招式的有效距离增加4尺。		95		
462	1	8	180	1875	《点穴截脉・商阳指》人偶图残页	招式附加噬骨不利气劲，每层受混元性内功伤害提高2%，持续15秒，最多叠加5层。		60		
463	1	8	180	1875	《点穴截脉・商阳指》人偶图断篇	招式附加噬骨不利气劲，每层受混元性内功伤害提高2%，持续15秒，最多叠加5层。		80		
464	1	3	184	1870	《点穴截脉・少明指》经脉图残页	运功时间减少0.125秒。		325		
465	1	3	184	1870	《点穴截脉・少明指》经脉图断篇	运功时间减少0.125秒。		180		
466	1	9	184	1876	《点穴截脉・少明指》真传残页	招式的有效距离增加2尺。		50		
467	1	9	184	1876	《点穴截脉・少明指》真传断篇	招式的有效距离增加2尺。		60		
468	1	9	184	1876	《点穴截脉・少明指》真传绝章	招式的有效距离增加2尺。		60		
469	1	6	184	1873	《点穴截脉・少明指》参悟残页	伤害提高20%。		35		
470	1	6	184	1873	《点穴截脉・少明指》参悟断篇	伤害提高30%。		75		
471	1	8	184	1875	《点穴截脉・少明指》人偶图残页	能卸除目标额外一个阳性内功气劲。		190		
472	1	3	138	1870	《太素九针・提针》经脉图残页	运功时间减少0.25秒。		335		
473	1	3	138	1870	《太素九针・提针》经脉图断篇	运功时间减少0.25秒。		390		
474	1	2	138	1869	《太素九针・提针》注解残页	施展招式的消耗降低5%。		115		
475	1	2	138	1869	《太素九针・提针》注解断篇	施展招式的消耗降低10%。		125		
476	1	9	138	1876	《太素九针・提针》真传残页	招式的有效距离增加4尺。		205		
477	1	8	138	1875	《太素九针・提针》人偶图残页	疗伤成效提高4%。		305		
478	1	8	138	1875	《太素九针・提针》人偶图断篇	疗伤成效提高5%。		390		
479	1	1	100	1868	《养心诀・星楼月影》穴位图残页	调息时间减少3秒。		315		
480	1	1	100	1868	《养心诀・星楼月影》穴位图断篇	调息时间减少3秒。		390		
481	1	2	100	1869	《养心诀・星楼月影》注解残页	施展招式的消耗降低10%。		115		
482	1	2	100	1869	《养心诀・星楼月影》注解断篇	施展招式的消耗降低15%。		125		
483	1	2	100	1869	《养心诀・星楼月影》注解绝章	施展招式的消耗降低20%。		155		
484	1	8	100	1875	《养心诀・星楼月影》人偶图残页	招式附加气血恢复，持续9秒。		335		
485	1	8	100	1875	《养心诀・星楼月影》人偶图断篇	招式附加化解受到伤害的30%，持续3秒。		390		
486	1	3	179	1870	《点穴截脉・阳明指》经脉图残页	运功时间减少0.125秒。		390		
487	1	3	179	1870	《点穴截脉・阳明指》经脉图断篇	运功时间减少0.125秒。		390		
488	1	2	179	1869	《点穴截脉・阳明指》注解残页	施展招式的消耗降低5%。		115		
489	1	2	179	1869	《点穴截脉・阳明指》注解断篇	施展招式的消耗降低10%。		115		
490	1	5	179	1872	《点穴截脉・阳明指》秘诀残页	会心提高2%。		130		
491	1	5	179	1872	《点穴截脉・阳明指》秘诀断篇	会心提高3%。		235		
492	1	6	179	1873	《点穴截脉・阳明指》参悟残页	伤害提高3%。		135		
493	1	6	179	1873	《点穴截脉・阳明指》参悟断篇	伤害提高4%。		260		
494	1	3	189	1870	《百花拂穴手・钟林毓秀》经脉图残页	运功时间减少0.125秒。		390		
495	1	3	189	1870	《百花拂穴手・钟林毓秀》经脉图断篇	运功时间减少0.125秒。		340		
496	1	3	189	1870	《百花拂穴手・钟林毓秀》经脉图绝章	运功时间减少0.25秒。		390		
497	1	2	189	1869	《百花拂穴手・钟林毓秀》注解残页	施展招式的消耗降低5%。		125		
498	1	2	189	1869	《百花拂穴手・钟林毓秀》注解断篇	施展招式的消耗降低10%。		175		
499	1	10	189	1877	《百花拂穴手・钟林毓秀》手抄残页	招式效果持续时间增加3秒。		315		
500	1	8	189	1875	《百花拂穴手・钟林毓秀》人偶图残页	招式附加噬骨不利气劲，每层受混元性内功伤害提高2%，持续15秒，最多叠加5层。		275		
501	1	8	189	1875	《百花拂穴手・钟林毓秀》人偶图断篇	招式附加噬骨不利气劲，每层受混元性内功伤害提高2%，持续15秒，最多叠加5层。		390		
502	1	0	0	0	测试	测试				
507	1	6	562	1840	《猿公剑法・剑主天地》参悟绝章	伤害提高5%。		145		
511	1		0	0	《羽林枪法・龙牙》参悟绝章	伤害提高5%。				
543	1	0	0	0	藏剑场景教学_霞流宝石	测试				
545	1	5	1578	2560	《秀水剑法・平湖断月》秘诀残页	会心提高2%。		45		
546	1	6	1578	2561	《秀水剑法・平湖断月》参悟残页	伤害提高3%。		50		
547	1	6	1578	2561	《秀水剑法・平湖断月》参悟断篇	伤害提高4%。		55		
548	1	6	1578	2561	《秀水剑法・平湖断月》参悟绝章	伤害提高5%。		90		
549	1	9	1578	2564	《秀水剑法・平湖断月》真传残页	招式的有效距离增加1尺。		95		
550	1	8	1578	2563	《秀水剑法・平湖断月》人偶图残页	招式额外获得2点剑气。		115		
551	1	8	1578	2563	《秀水剑法・平湖断月》人偶图断篇	招式额外获得3点剑气。		125		
552	1	5	1581	2560	《秀水剑法・黄龙吐翠》秘诀残页	会心提高2%。		50		
553	1	5	1581	2560	《秀水剑法・黄龙吐翠》秘诀断篇	会心提高3%。		55		
554	1	5	1581	2560	《秀水剑法・黄龙吐翠》秘诀绝章	会心提高4%。		80		
555	1	6	1581	2561	《秀水剑法・黄龙吐翠》参悟残页	伤害提高3%。		70		
556	1	6	1581	2561	《秀水剑法・黄龙吐翠》参悟断篇	伤害提高4%。		85		
557	1	6	1581	2561	《秀水剑法・黄龙吐翠》参悟绝章	伤害提高5%。		90		
558	1	8	1581	2563	《秀水剑法・黄龙吐翠》人偶图残页	招式额外获得2点剑气。		160		
559	1	8	1581	2563	《秀水剑法・黄龙吐翠》人偶图断篇	招式额外获得3点剑气。		140		
560	1	5	1579	2560	《秀水剑法・九溪弥烟》秘诀残页	会心提高2%。		155		
561	1	5	1579	2560	《秀水剑法・九溪弥烟》秘诀断篇	会心提高3%。		135		
562	1	6	1579	2561	《秀水剑法・九溪弥烟》参悟残页	伤害提高3%。		130		
563	1	6	1579	2561	《秀水剑法・九溪弥烟》参悟断篇	伤害提高4%。		140		
564	1	6	1579	2561	《秀水剑法・九溪弥烟》参悟绝章	伤害提高5%。		190		
565	1	9	1579	2564	《秀水剑法・九溪弥烟》真传残页	招式的有效范围增加1尺。		155		
566	1	9	1579	2564	《秀水剑法・九溪弥烟》真传断篇	招式的有效范围增加1尺。		285		
567	1	3	1593	2558	《灵峰剑式・云飞玉皇》经脉图残页	运功时间减少0.25秒。		390		
568	1	3	1593	2558	《灵峰剑式・云飞玉皇》经脉图断篇	运功时间减少0.25秒。		390		
569	1	6	1593	2561	《灵峰剑式・云飞玉皇》参悟残页	伤害提高2%。		140		
570	1	6	1593	2561	《灵峰剑式・云飞玉皇》参悟断篇	伤害提高3%。		135		
571	1	6	1593	2561	《灵峰剑式・云飞玉皇》参悟绝章	伤害提高4%。		235		
572	1	7	1593	2562	《灵峰剑式・云飞玉皇》详解残页	命中提高1%。		155		
573	1	7	1593	2562	《灵峰剑式・云飞玉皇》详解断篇	命中提高2%。		205		
574	1	5	1593	2560	《灵峰剑式・云飞玉皇》秘诀残页	会心提高3%。		145		
575	1	3	1600	2558	《灵峰剑式・夕照雷峰》经脉图残页	运功时间减少0.125秒。		315		
576	1	3	1600	2558	《灵峰剑式・夕照雷峰》经脉图断篇	运功时间减少0.125秒。		390		
577	1	7	1600	2562	《灵峰剑式・夕照雷峰》详解残页	命中提高1%。		220		
578	1	7	1600	2562	《灵峰剑式・夕照雷峰》详解断篇	命中提高2%。		195		
579	1	6	1600	2561	《灵峰剑式・夕照雷峰》参悟残页	伤害提高2%。		160		
580	1	6	1600	2561	《灵峰剑式・夕照雷峰》参悟断篇	伤害提高3%。		205		
581	1	6	1600	2561	《灵峰剑式・夕照雷峰》参悟绝章	伤害提高4%。		195		
582	1	5	1600	2560	《灵峰剑式・夕照雷峰》秘诀残页	会心提高3%。		165		
583	1	6	1645	2561	《灵峰剑式・风来吴山》参悟残页	伤害提高2%。		40		
584	1	6	1645	2561	《灵峰剑式・风来吴山》参悟断篇	伤害提高3%。		50		
585	1	6	1645	2561	《灵峰剑式・风来吴山》参悟绝章	伤害提高4%。		70		
586	1	8	1645	2563	《灵峰剑式・风来吴山》人偶图残页	招式附加目标减速效果，持续3秒。		235		
587	1	8	1645	2563	《灵峰剑式・风来吴山》人偶图断篇	招式附加自身加速效果，持续5秒。		190		
588	1	5	1645	2560	《灵峰剑式・风来吴山》秘诀残页	会心提高2%。		40		
589	1	5	1645	2560	《灵峰剑式・风来吴山》秘诀断篇	会心提高3%。		35		
590	1	1	1646	2556	《君子风・听雷》穴位图残页	调息时间减少0.25秒。		65		
591	1	1	1646	2556	《君子风・听雷》穴位图断篇	调息时间减少0.25秒。		140		
592	1	7	1646	2562	《君子风・听雷》详解残页	命中提高1%。		45		
593	1	7	1646	2562	《君子风・听雷》详解断篇	命中提高2%。		60		
594	1	5	1646	2560	《君子风・听雷》秘诀残页	会心提高2%。		40		
595	1	5	1646	2560	《君子风・听雷》秘诀断篇	会心提高3%。		70		
596	1	6	1646	2561	《君子风・听雷》参悟残页	伤害提高3%。		40		
597	1	6	1646	2561	《君子风・听雷》参悟断篇	伤害提高4%。		55		
598	1	6	1646	2561	《君子风・听雷》参悟绝章	伤害提高5%。		55		
599	1	5	1651	2560	《君子风・断潮》秘诀残页	会心提高2%。		45		
600	1	5	1651	2560	《君子风・断潮》秘诀断篇	会心提高3%。		75		
601	1	5	1651	2560	《君子风・断潮》秘诀绝章	会心提高4%。		60		
602	1	6	1651	2561	《君子风・断潮》参悟残页	伤害提高3%。		50		
603	1	6	1651	2561	《君子风・断潮》参悟断篇	伤害提高4%。		60		
604	1	6	1651	2561	《君子风・断潮》参悟绝章	伤害提高5%。		75		
605	1	8	1656	2563	《君子风・啸日》人偶图残页	施展招式获得10点剑气。		265		
606	1	8	1656	2563	《君子风・啸日》人偶图断篇	招式附加解除自身点穴不利效果。		390		
607	1	8	1656	2563	《君子风・啸日》人偶图绝章	招式附加解除自身混元性不利效果。		390		
608	1	10	1656	2556	《君子风・啸日》手抄残页	招式附加效果持续时间增加0.5秒。		305		
609	1	10	1656	2556	《君子风・啸日》手抄断篇	招式附加效果持续时间增加0.5秒。		290		
610	1	10	1656	2556	《君子风・啸日》手抄绝章	招式附加效果持续时间增加0.5秒。		390		
611	1	1	1664	2556	《西子情・雪断桥》穴位图残页	调息时间减少10秒。		120		
612	1	1	1664	2556	《西子情・雪断桥》穴位图断篇	调息时间减少10秒。		120		
613	1	1	1664	2556	《西子情・雪断桥》穴位图绝章	调息时间减少10秒。		120		
614	1	8	1664	2563	《西子情・雪断桥》人偶图残页	招式额外获得10点剑气。		80		
615	1	8	1664	2563	《西子情・雪断桥》人偶图断篇	招式额外获得10点剑气。		235		
616	1	8	1664	2563	《西子情・雪断桥》人偶图绝章	招式额外获得10点剑气。		240		
617	1	1	1665	2556	《西子情・风吹荷》穴位图残页	调息时间减少1秒。		80		
618	1	1	1665	2556	《西子情・风吹荷》穴位图断篇	调息时间减少2秒。		90		
619	1	1	1665	2556	《西子情・风吹荷》穴位图绝章	调息时间减少2秒。		90		
620	1	10	1665	2565	《西子情・风吹荷》手抄残页	招式效果持续时间增加1秒。		55		
621	1	7	1665	2562	《西子情・风吹荷》详解残页	命中提高1%。		25		
622	1	7	1665	2562	《西子情・风吹荷》详解断篇	命中提高2%。		35		
623	1	9	1665	2564	《西子情・风吹荷》真传残页	招式的有效距离增加1尺。		20		
624	1	9	1665	2564	《西子情・风吹荷》真传断篇	招式的有效距离增加1尺。		30		
625	1	9	1665	2564	《西子情・风吹荷》真传绝章	招式的有效距离增加1尺。		40		
626	1	1	1668	2556	《西子情・云栖松》穴位图残页	调息时间减少10秒。		80		
627	1	1	1668	2556	《西子情・云栖松》穴位图断篇	调息时间减少10秒。		80		
628	1	10	1668	2565	《西子情・云栖松》手抄残页	招式闪躲效果持续时间增加2秒。		75		
629	1	10	1668	2565	《西子情・云栖松》手抄断篇	招式闪躲效果持续时间增加2秒。		135		
630	1	8	1668	2563	《西子情・云栖松》人偶图绝章	招式附加自身每秒回复剑气2点效果，持续8秒。		95		
631	1	8	1668	2563	《西子情・云栖松》人偶图残页	招式附加自身外功防御提高，持续20秒。		205		
632	1	8	1668	2563	《西子情・云栖松》人偶图断篇	招式附加气血恢复，持续5秒。		265		
639	1	1	0	0	七秀PVP套装效果	绛唇珠袖调息时间减少10s				
640	1	1	0	0	少林PVP套装效果	捉影式的调息时间减少3秒				
641	1	1	0	0	天策PVP套装效果	突的调息时间减少3秒				
642	1	1	0	0	万花PVP套装效果	毫针的调息时间减少2秒				
644	1	1	0	0	藏剑PVP套装效果	醉月减1sCD				
645	1	1	0	0	纯阳PVP套装效果	“人剑合一”招式调息时间减少1秒				
646	1	1	0	0	纯阳PVP套装效果	“三才化生”招式调息时间减少2秒				
647	1	7	34	1885	《防身武艺・虹气长空》详解残页	命中提高1%。		35		
648	1	7	34	1885	《防身武艺・虹气长空》详解断篇	命中提高2%。		40		
649	1	7	34	1885	《防身武艺・虹气长空》详解绝章	命中提高3%。		45		
718	1	1	2235	2716	《补天心经・千蝶吐瑞》穴位图残页	调息时间减少10秒。		140		
719	1	1	2235	2716	《补天心经・千蝶吐瑞》穴位图断篇	调息时间减少10秒。		140		
720	1	2	2235	2717	《补天心经・千蝶吐瑞》注解残页	施展招式的消耗降低5%。		40		
721	1	2	2235	2717	《补天心经・千蝶吐瑞》注解断篇	施展招式的消耗降低10%。		45		
722	1	1	2235	2716	《补天心经・千蝶吐瑞》穴位图绝章	调息时间减少10秒。		55		
723	1	8	2235	2723	《补天心经・千蝶吐瑞》人偶图残页	疗伤成效提高4%。		145		
724	1	8	2235	2723	《补天心经・千蝶吐瑞》人偶图断篇	疗伤成效提高5%。		145		
725	1	6	2214	2721	《引魂蛊术・夺命蛊》参悟残页	伤害提高10%。		70		
726	1	6	2214	2721	《引魂蛊术・夺命蛊》参悟断篇	伤害提高10%。		70		
727	1	6	2214	2721	《引魂蛊术・夺命蛊》参悟绝章	伤害提高10%。		95		
728	1	2	2214	2717	《引魂蛊术・夺命蛊》注解残页	施展招式的消耗降低5%。		65		
729	1	2	2214	2717	《引魂蛊术・夺命蛊》注解断篇	施展招式的消耗降低10%。		45		
730	1	9	2214	2724	《引魂蛊术・夺命蛊》真传残页	招式的有效距离增加1尺。		70		
731	1	9	2214	2724	《引魂蛊术・夺命蛊》真传断篇	招式的有效距离增加2尺。		70		
732	1	1	2226	2716	《驭虫奇术・蛊虫献祭》穴位图残页	调息时间减少2秒。		365		
733	1	1	2226	2716	《驭虫奇术・蛊虫献祭》穴位图断篇	调息时间减少3秒。		305		
734	1	2	2226	2717	《驭虫奇术・蛊虫献祭》注解残页	施展招式的消耗降低5%。		115		
735	1	2	2226	2717	《驭虫奇术・蛊虫献祭》注解断篇	施展招式的消耗降低5%。		125		
736	1	2	2226	2717	《驭虫奇术・蛊虫献祭》注解绝章	施展招式的消耗降低10%。		105		
737	1	8	2226	2723	《驭虫奇术・蛊虫献祭》人偶图残页	招式附加气血恢复，持续9秒，最多叠加2层。		390		
738	1	8	2226	2723	《驭虫奇术・蛊虫献祭》人偶图断篇	招式附加气血恢复，持续9秒，最多叠加2层。		390		
739	1	3	2232	2718	《补天心经・冰蚕牵丝》经脉图残页	运功时间减少0.125秒。	2232	225		
740	1	3	2232	2718	《补天心经・冰蚕牵丝》经脉图断篇	运功时间减少0.125秒。	2232	195		
741	1	2	2232	2717	《补天心经・冰蚕牵丝》注解残页	施展招式的消耗降低5%。	2232	170		
742	1	2	2232	2717	《补天心经・冰蚕牵丝》注解断篇	施展招式的消耗降低10%。	2232	120		
743	1	9	2232	2724	《补天心经・冰蚕牵丝》真传残页	招式的有效距离增加2尺。	2232	275		
744	1	8	2232	2723	《补天心经・冰蚕牵丝》人偶图残页	疗伤成效提高4%。	2232	190		
745	1	8	2232	2723	《补天心经・冰蚕牵丝》人偶图断篇	疗伤成效提高5%。	2232	390		
746	1	6	2215	2721	《引魂蛊术・迷心蛊》参悟残页	伤害提高10%。		100		
747	1	6	2215	2721	《引魂蛊术・迷心蛊》参悟断篇	伤害提高10%。		170		
748	1	6	2215	2721	《引魂蛊术・迷心蛊》参悟绝章	伤害提高10%。		150		
749	1	2	2215	2717	《引魂蛊术・迷心蛊》注解残页	施展招式的消耗降低5%。		45		
750	1	2	2215	2717	《引魂蛊术・迷心蛊》注解断篇	施展招式的消耗降低5%。		50		
751	1	2	2215	2717	《引魂蛊术・迷心蛊》注解绝章	施展招式的消耗降低10%。		50		
752	1	9	2215	2724	《引魂蛊术・迷心蛊》真传残页	招式的有效距离增加1尺。		80		
753	1	9	2215	2724	《引魂蛊术・迷心蛊》真传断篇	招式的有效距离增加2尺。		70		
754	1	6	2216	2721	《引魂蛊术・枯残蛊》参悟残页	伤害提高10%。		100		
755	1	6	2216	2721	《引魂蛊术・枯残蛊》参悟断篇	伤害提高10%。		85		
756	1	6	2216	2721	《引魂蛊术・枯残蛊》参悟绝章	伤害提高10%。		185		
757	1	2	2216	2717	《引魂蛊术・枯残蛊》注解残页	施展招式的消耗降低5%。		40		
758	1	2	2216	2717	《引魂蛊术・枯残蛊》注解断篇	施展招式的消耗降低5%。		50		
759	1	2	2216	2717	《引魂蛊术・枯残蛊》注解绝章	施展招式的消耗降低10%。		50		
760	1	9	2216	2724	《引魂蛊术・枯残蛊》真传残页	招式的有效距离增加1尺。		70		
761	1	9	2216	2724	《引魂蛊术・枯残蛊》真传断篇	招式的有效距离增加2尺。		70		
762	1	5	2211	2720	《千劫万毒手・蛇影》秘诀残页	会心提高2%。	2211	105		
763	1	5	2211	2720	《千劫万毒手・蛇影》秘诀断篇	会心提高3%。	2211	105		
764	1	5	2211	2720	《千劫万毒手・蛇影》秘诀绝章	会心提高4%。		165		
765	1	10	2211	2725	《千劫万毒手・蛇影》手抄残页	招式效果持续时间增加2秒。		145		
766	1	9	2211	2724	《千劫万毒手・蛇影》真传残页	招式的有效距离增加4尺。		170		
767	1	6	2211	2721	《千劫万毒手・蛇影》参悟残页	伤害提高4%。		120		1
768	1	6	2211	2721	《千劫万毒手・蛇影》参悟断篇	伤害提高5%。		140		2
769	1	1	2212	2716	《千劫万毒手・百足》穴位图断篇	调息时间减少1秒。		100		2
770	1	1	2212	2716	《千劫万毒手・百足》穴位图绝章	调息时间减少1秒。		95		3
771	1	12	2212	2724	《千劫万毒手・百足》真传残页	招式的有效范围增加1尺。		55		
772	1	12	2212	2724	《千劫万毒手・百足》真传断篇	招式的有效范围增加2尺。		65		
773	1	6	2212	2721	《千劫万毒手・百足》参悟绝章	伤害提高10%。		65		3
774	1	6	2212	2721	《千劫万毒手・百足》参悟残页	伤害提高5%。		50		1
775	1	6	2212	2721	《千劫万毒手・百足》参悟断篇	伤害提高10%。		45		2
776	1	1	2212	2716	《千劫万毒手・百足》穴位图残页	调息时间减少1秒。		170		1
777	1	12	2233	2724	《补天心经・醉舞九天》真传断篇	招式的有效范围增加2尺。		230		2
778	1	8	2233	2723	《补天心经・醉舞九天》人偶图绝章	疗伤成效提高6%。		360		3
779	1	2	2233	2717	《补天心经・醉舞九天》注解残页	施展招式的消耗降低5%。		105		
780	1	2	2233	2717	《补天心经・醉舞九天》注解断篇	施展招式的消耗降低10%。		105		
781	1	12	2233	2724	《补天心经・醉舞九天》真传残页	招式的有效范围增加2尺。		170		1
782	1	8	2233	2723	《补天心经・醉舞九天》人偶图残页	疗伤成效提高4%。		150		1
783	1	8	2233	2723	《补天心经・醉舞九天》人偶图断篇	疗伤成效提高5%。		390		2
784	1	1	2220	2716	《引魂蛊术・凤凰蛊》穴位图残页	调息时间减少120秒。		125		
785	1	1	2220	2716	《引魂蛊术・凤凰蛊》穴位图断篇	调息时间减少180秒。		225		
786	1	2	2220	2717	《引魂蛊术・凤凰蛊》注解残页	施展招式的消耗降低10%。		35		
787	1	2	2220	2717	《引魂蛊术・凤凰蛊》注解断篇	施展招式的消耗降低15%。		35		
788	1	2	2220	2717	《引魂蛊术・凤凰蛊》注解绝章	施展招式的消耗降低20%。		35		
789	1	8	2220	2723	《引魂蛊术・凤凰蛊》人偶图残页	招式附加目标重伤原地起身后最大气血值提高，持续20秒。		130		
790	1	8	2220	2723	《引魂蛊术・凤凰蛊》人偶图断篇	目标重伤原地起身后不受伤害，持续2秒。		130		
791	1	3	2209	2718	《千劫万毒手・蝎心》经脉图残页	运功时间减少0.125秒。	2209	320		
792	1	3	2209	2718	《千劫万毒手・蝎心》经脉图断篇	运功时间减少0.125秒。	2209	235		
793	1	2	2209	2717	《千劫万毒手・蝎心》注解残页	施展招式的消耗降低10%。	2209	140		
794	1	5	2209	2720	《千劫万毒手・蝎心》秘诀残页	会心提高2%。	2209	140		
795	1	5	2209	2720	《千劫万毒手・蝎心》秘诀断篇	会心提高3%。	2209	155		
796	1	6	2209	2721	《千劫万毒手・蝎心》参悟残页	伤害提高3%。	2209	155		
797	1	6	2209	2721	《千劫万毒手・蝎心》参悟断篇	伤害提高4%。	2209	180		
798	1	1	2230	2716	《补天心经・女娲补天》穴位图残页	调息时间减少1秒。		90		
799	1	1	2230	2716	《补天心经・女娲补天》穴位图断篇	调息时间减少2秒。		150		
800	1	1	2230	2716	《补天心经・女娲补天》穴位图绝章	调息时间减少3秒。		275		
801	1	10	2230	2725	《补天心经・女娲补天》手抄残页	招式效果持续时间增加3秒。		285		
802	1	2	2230	2717	《补天心经・女娲补天》注解残页	施展招式的消耗降低10%。		100		
803	1	2	2230	2717	《补天心经・女娲补天》注解断篇	施展招式的消耗降低20%。		185		
804	1	8	2230	2723	《补天心经・女娲补天》人偶图残页	招式降低移动速度的效果降低10%。		65		
805	1	8	2230	2723	《补天心经・女娲补天》人偶图断篇	招式降低移动速度的效果降低10%。		160		
810	1	1	0	0	五毒PVP套装属性	蛊虫献祭的调息时间减少2秒				
819	1	6	3087	3159	《乾坤一掷・化血镖》参悟残页	伤害提高3%。		35		
820	1	6	3087	3159	《乾坤一掷・化血镖》参悟断篇	伤害提高4%。		40		
822	1	9	3087	3162	《乾坤一掷・化血镖》真传残页	招式的有效距离增加1尺。		50		
823	1	9	3087	3162	《乾坤一掷・化血镖》真传断篇	招式的有效距离增加1尺。		60		
824	1	10	3087	3163	《乾坤一掷・化血镖》手抄残页	招式效果持续时间增加3秒。		165		
825	1	8	3087	3161	《乾坤一掷・化血镖》人偶图残页	招式附加噬心毒性不利气劲，每层受毒性内功伤害提高2%，持续21秒，最多叠加5层。		145		
826	1	8	3087	3161	《乾坤一掷・化血镖》人偶图断篇	招式附加噬心毒性不利气劲，每层受毒性内功伤害提高2%，持续21秒，最多叠加5层。		165		
827	1	1	3091	3154	《乾坤一掷・毒蒺藜》穴位图残页	调息时间减少1秒。		80		
828	1	1	3091	3154	《乾坤一掷・毒蒺藜》穴位图断篇	调息时间减少1秒。		110		
829	1	1	3091	3154	《乾坤一掷・毒蒺藜》穴位图绝章	调息时间减少1秒。		150		
830	1	9	3091	3162	《乾坤一掷・毒蒺藜》真传残页	招式的有效距离增加1尺。		95		
831	1	9	3091	3162	《乾坤一掷・毒蒺藜》真传断篇	招式的有效距离增加1尺。		60		
832	1	9	3091	3162	《乾坤一掷・毒蒺藜》真传绝章	招式的有效距离增加1尺。		85		
833	1	10	3091	3163	《乾坤一掷・毒蒺藜》手抄残页	招式效果持续时间增加2秒。		270		
834	1	6	3093	3159	《乾坤一掷・暴雨梨花针》参悟残页	伤害提高3%。	3093	120		
835	1	6	3093	3159	《乾坤一掷・暴雨梨花针》参悟断篇	伤害提高4%。	3093	115		
836	1	6	3093	3159	《乾坤一掷・暴雨梨花针》参悟绝章	伤害提高5%。	3093	135		
837	1	5	3093	3158	《乾坤一掷・暴雨梨花针》秘诀残页	会心提高3%。	3093	130		
838	1	5	3093	3158	《乾坤一掷・暴雨梨花针》秘诀断篇	会心提高4%。	3093	115		
840	1	7	3093	3160	《乾坤一掷・暴雨梨花针》详解残页	命中提高1%。	3093	120		
841	1	7	3093	3160	《乾坤一掷・暴雨梨花针》详解断篇	命中提高2%。	3093	125		
842	1	8	3093	3161	《乾坤一掷・暴雨梨花针》人偶图残页	招式附加气魄效果，每层元气和力道提高1%，持续60秒，最多叠加5层。	3093	390		
843	1	3	3095	3156	《百步穿杨・夺魄箭》经脉图残页	运功时间减少0.125秒。		245		
844	1	3	3095	3156	《百步穿杨・夺魄箭》经脉图断篇	运功时间减少0.125秒。		390		
845	1	6	3095	3159	《百步穿杨・夺魄箭》参悟残页	伤害提高3%。		120		
846	1	6	3095	3159	《百步穿杨・夺魄箭》参悟断篇	伤害提高4%。		155		
848	1	5	3095	3158	《百步穿杨・夺魄箭》秘诀残页	会心提高3%。		120		
849	1	5	3095	3158	《百步穿杨・夺魄箭》秘诀断篇	会心提高4%。		155		
850	1	5	3095	3158	《百步穿杨・夺魄箭》秘诀绝章	会心提高5%。		190		
851	1	1	3096	3154	《百步穿杨・追命箭》穴位图残页	调息时间减少1秒。		220		
852	1	1	3096	3154	《百步穿杨・追命箭》穴位图断篇	调息时间减少1秒。		330		
853	1	6	3096	3159	《百步穿杨・追命箭》参悟残页	伤害提高3%。		135		
854	1	6	3096	3159	《百步穿杨・追命箭》参悟断篇	伤害提高4%。		150		
855	1	6	3096	3159	《百步穿杨・追命箭》参悟绝章	伤害提高5%。		170		
856	1	5	3096	3158	《百步穿杨・追命箭》秘诀残页	会心提高3%。		120		
857	1	5	3096	3158	《百步穿杨・追命箭》秘诀断篇	会心提高4%。		135		
858	1	8	3096	3161	《百步穿杨・追命箭》人偶图残页	招式忽视目标20%外功防御。		390		
859	1	6	3098	3159	《百步穿杨・穿心弩》参悟残页	伤害提高5%。		40		
860	1	6	3098	3159	《百步穿杨・穿心弩》参悟断篇	伤害提高10%。		40		
861	1	1	3098	3154	《百步穿杨・穿心弩》穴位图残页	调息时间减少1秒。		95		
862	1	1	3098	3154	《百步穿杨・穿心弩》穴位图断篇	调息时间减少1秒。		120		
863	1	9	3098	3162	《百步穿杨・穿心弩》真传残页	招式的有效距离增加1尺。		80		
864	1	9	3098	3162	《百步穿杨・穿心弩》真传断篇	招式的有效距离增加1尺。		100		
866	1	8	3098	3161	《百步穿杨・穿心弩》人偶图残页	招式附加“气散”外功不利气劲，施展招式的内力消耗提高30%，持续5秒。		205		
867	1	10	3098	3163	《百步穿杨・穿心弩》手抄残页	招式效果持续时间增加3秒。		135		
868	1	3	3105	3156	《九宫飞星・蚀肌弹》经脉图残页	运功时间减少0.125秒。		245		
869	1	3	3105	3156	《九宫飞星・蚀肌弹》经脉图断篇	运功时间减少0.125秒。		390		
870	1	6	3105	3159	《九宫飞星・蚀肌弹》参悟残页	伤害提高3%。		120		
871	1	6	3105	3159	《九宫飞星・蚀肌弹》参悟断篇	伤害提高4%。		150		
872	1	6	3105	3159	《九宫飞星・蚀肌弹》参悟绝章	伤害提高5%。		175		
873	1	5	3105	3158	《九宫飞星・蚀肌弹》秘诀残页	会心提高3%。		155		
874	1	5	3105	3158	《九宫飞星・蚀肌弹》秘诀断篇	会心提高4%。		180		
876	1	6	3107	3159	《九宫飞星・鲲鹏铁爪》参悟残页	伤害提高10%。		40		
877	1	6	3107	3159	《九宫飞星・鲲鹏铁爪》参悟断篇	伤害提高15%。		55		
878	1	1	3107	3154	《九宫飞星・鲲鹏铁爪》穴位图残页	调息时间减少3秒。		130		
879	1	1	3107	3154	《九宫飞星・鲲鹏铁爪》穴位图断篇	调息时间减少3秒。		165		
880	1	12	3107	3162	《九宫飞星・鲲鹏铁爪》真传残页	招式的有效范围增加1尺。		110		
881	1	12	3107	3162	《九宫飞星・鲲鹏铁爪》真传断篇	招式的有效范围增加1尺。		140		
882	1	11	3107	3164	《九宫飞星・鲲鹏铁爪》气血图残页	招式的有效目标人数增加1个。		140		
883	1	8	3107	3161	《九宫飞星・鲲鹏铁爪》人偶图残页	招式附加身乏毒性不利气劲，无法施展轻功，持续3秒。		390		
884	1	6	3108	3159	《九宫飞星・天绝地灭》参悟残页	伤害提高3%。		120		
885	1	6	3108	3159	《九宫飞星・天绝地灭》参悟断篇	伤害提高4%。		135		
886	1	6	3108	3159	《九宫飞星・天绝地灭》参悟绝章	伤害提高5%。		170		
887	1	12	3108	3162	《九宫飞星・天绝地灭》真传残页	招式的有效范围增加1尺。		160		
888	1	12	3108	3162	《九宫飞星・天绝地灭》真传断篇	招式的有效范围增加1尺。		165		
890	1	11	3108	3164	《九宫飞星・天绝地灭》气血图残页	招式的有效目标人数增加1个。		330		
891	1	11	3108	3164	《九宫飞星・天绝地灭》气血图断篇	招式的有效目标人数增加2个。		390		
892	1	6	3113	3159	《天魔无相・钻心刺骨》参悟残页	伤害提高3%。		35		
893	1	6	3113	3159	《天魔无相・钻心刺骨》参悟断篇	伤害提高4%。		30		
894	1	6	3113	3159	《天魔无相・钻心刺骨》参悟绝章	伤害提高5%。		40		
895	1	5	3113	3158	《天魔无相・钻心刺骨》秘诀残页	会心提高3%。		35		
896	1	5	3113	3158	《天魔无相・钻心刺骨》秘诀断篇	会心提高4%。		30		
898	1	9	3113	3162	《天魔无相・钻心刺骨》真传残页	招式的有效范围增加1尺。		125		
899	1	8	3113	3161	《天魔无相・钻心刺骨》人偶图残页	招式命中后额外造成一次伤害。		275		
900	1	1	3114	3154	《天魔无相・惊鸿游龙》穴位图残页	调息时间减少15秒。		330		
901	1	1	3114	3154	《天魔无相・惊鸿游龙》穴位图断篇	调息时间减少15秒。		360		
902	1	1	3114	3154	《天魔无相・惊鸿游龙》穴位图绝章	调息时间减少15秒。		390		
903	1	8	3114	3161	《天魔无相・惊鸿游龙》人偶图残页	招式附加移动速度提高，持续5秒。		390		
904	1	8	3114	3161	《天魔无相・惊鸿游龙》人偶图断篇	施展招式额外获得20点神机值。		220		
905	1	8	3114	3161	《天魔无相・惊鸿游龙》人偶图绝章	招式附加影息气劲，每秒恢复1%气血值，持续5秒。		390		
906	1	10	3114	3163	《天魔无相・惊鸿游龙》手抄残页	招式效果持续时间增加1秒。		230		
907	1	6	3115	3159	《天魔无相・荆天棘地》参悟残页	伤害提高5%。		40		
908	1	6	3115	3159	《天魔无相・荆天棘地》参悟断篇	伤害提高10%。		55		
909	1	1	3115	3154	《天魔无相・荆天棘地》穴位图残页	调息时间减少5秒。		110		
910	1	1	3115	3154	《天魔无相・荆天棘地》穴位图断篇	调息时间减少5秒。		190		
911	1	10	3115	3163	《天魔无相・荆天棘地》手抄残页	招式效果持续时间增加1秒。		105		
912	1	9	3115	3162	《天魔无相・荆天棘地》真传残页	招式的有效距离增加1尺。		105		
913	1	9	3115	3162	《天魔无相・荆天棘地》真传断篇	招式的有效距离增加1尺。		115		
948	2	0	0	0	明教PVE6件套属性	净世破魔击的伤害提高10%				
948	3	0	0	0	明教PVP套装	怖畏暗刑的调息时间减少4秒				
984	1	6	3959	3856	《日月净世・幽月轮》参悟残页	伤害提高3%。		140		
985	1	6	3959	3856	《日月净世・幽月轮》参悟断篇	伤害提高4%。		140		
986	1	7	3959	3857	《日月净世・幽月轮》详解残页	命中提高1%。		145		
987	1	7	3959	3857	《日月净世・幽月轮》详解断篇	命中提高2%。		175		
988	1	5	3959	3855	《日月净世・幽月轮》秘诀残页	会心提高3%。		140		
989	1	5	3959	3855	《日月净世・幽月轮》秘诀断篇	会心提高4%。		160		
990	1	5	3959	3855	《日月净世・幽月轮》秘诀绝章	会心提高5%。		165		
991	1	8	3959	3858	《日月净世・幽月轮》人偶图残页	会心后额外获得5点月魂。		390		
992	1	5	3960	3855	《日月净世・银月斩》秘诀残页	会心提高3%。		50		
993	1	5	3960	3855	《日月净世・银月斩》秘诀断篇	会心提高4%。		50		
994	1	5	3960	3855	《日月净世・银月斩》秘诀绝章	会心提高5%。		50		
995	1	9	3960	3859	《日月净世・银月斩》真传残页	招式的有效距离增加2尺。		65		
996	1	9	3960	3859	《日月净世・银月斩》真传断篇	招式的有效距离增加2尺。		55		
997	1	8	3960	3858	《日月净世・银月斩》人偶图残页	使目标命中几率降低5%，持续5秒。		160		
998	1	8	3960	3858	《日月净世・银月斩》人偶图断篇	额外获得5点月魂。		390		
999	1	6	3962	3856	《日月净世・赤日轮》参悟残页	伤害提高3%。		140		
1000	1	6	3962	3856	《日月净世・赤日轮》参悟断篇	伤害提高4%。		160		
1001	1	6	3962	3856	《日月净世・赤日轮》参悟绝章	伤害提高5%。		175		
1002	1	7	3962	3857	《日月净世・赤日轮》详解残页	命中提高1%。		150		
1003	1	7	3962	3857	《日月净世・赤日轮》详解断篇	命中提高2%。		175		
1004	1	5	3962	3855	《日月净世・赤日轮》秘诀残页	会心提高3%。		155		
1005	1	5	3962	3855	《日月净世・赤日轮》秘诀断篇	会心提高4%。		160		
1006	1	8	3962	3858	《日月净世・赤日轮》人偶图残页	第三段伤害每命中一个目标额外获得3点日灵。		390		
1007	1	6	3963	3856	《日月净世・烈日斩》参悟残页	伤害提高3%。		50		
1008	1	6	3963	3856	《日月净世・烈日斩》参悟断篇	伤害提高4%。		50		
1009	1	6	3963	3856	《日月净世・烈日斩》参悟绝章	伤害提高5%。		50		
1010	1	5	3963	3855	《日月净世・烈日斩》秘诀残页	会心提高3%。		50		
1011	1	5	3963	3855	《日月净世・烈日斩》秘诀断篇	会心提高4%。		50		
1012	1	8	3963	3858	《日月净世・烈日斩》人偶图残页	施展后使自身内、外功防御提高5%，持续5秒。		160		
1013	1	8	3963	3858	《日月净世・烈日斩》人偶图断篇	对原地静止的目标伤害提高10%。		390		
1014	1	6	3967	3856	《日月净世・净世破魔击》参悟残页	伤害提高3%。		140		
1015	1	6	3967	3856	《日月净世・净世破魔击》参悟断篇	伤害提高4%。		150		
1016	1	6	3967	3856	《日月净世・净世破魔击》参悟绝章	伤害提高5%。		175		
1017	1	5	3967	3855	《日月净世・净世破魔击》秘诀残页	会心提高3%。		140		
1018	1	5	3967	3855	《日月净世・净世破魔击》秘诀断篇	会心提高4%。		160		
1019	1	5	3967	3855	《日月净世・净世破魔击》秘诀绝章	会心提高5%。		165		
1020	1	8	3967	3858	《日月净世・净世破魔击》人偶图残页	会心后可解除目标混元、阳性、阴性、毒性增益气劲各一个。		390		
1021	1	8	3967	3858	《日月净世・净世破魔击》人偶图断篇	造成伤害的5%转化为自身气血。		390		
1022	1	1	3971	3851	《幻魔妙相・极乐引》穴位图残页	调息时间减少5秒。		150		
1023	1	1	3971	3851	《幻魔妙相・极乐引》穴位图断篇	调息时间减少5秒。		140		
1024	1	1	3971	3851	《幻魔妙相・极乐引》穴位图绝章	调息时间减少5秒。		235		
1025	1	12	3971	3859	《幻魔妙相・极乐引》真传残页	招式的有效范围增加2尺。		160		
1026	1	12	3971	3859	《幻魔妙相・极乐引》真传断篇	招式的有效范围增加2尺。		130		
1027	1	8	3971	3858	《幻魔妙相・极乐引》人偶图残页	使目标无法施展轻功，持续2秒。		390		
1028	1	8	3971	3858	《幻魔妙相・极乐引》人偶图断篇	命中目标后使自身日灵、月魂的获取速度提高20%，持续6秒。		145		
1029	1	1	3969	3851	《幻魔妙相・光明相》穴位图残页	调息时间减少10秒。		100		
1030	1	1	3969	3851	《幻魔妙相・光明相》穴位图断篇	调息时间减少10秒。		145		
1031	1	1	3969	3851	《幻魔妙相・光明相》穴位图绝章	调息时间减少10秒。		170		
1032	1	7	3979	3857	《御暗烬灭令・驱夜断愁》详解残页	命中提高2%。		65		
1033	1	8	3969	3858	《幻魔妙相・光明相》人偶图绝章	使自身日灵、月魂的获取速度提高20%，持续6秒。		235		3
1034	1	8	3969	3858	《幻魔妙相・光明相》人偶图残页	使自身每秒回复1%气血上限，持续5秒。		390		1
1035	1	8	3969	3858	《幻魔妙相・光明相》人偶图断篇	解除自身混元、阳性、阴性、毒性不利效果各一个。		130		2
1036	1	1	3973	3851	《幻魔妙相・贪魔体》穴位图残页	调息时间减少3秒。		130		
1037	1	1	3973	3851	《幻魔妙相・贪魔体》穴位图断篇	调息时间减少3秒。		195		
1038	1	1	3973	3851	《幻魔妙相・贪魔体》穴位图绝章	调息时间减少3秒。		390		
1039	1	10	3973	3860	《幻魔妙相・贪魔体》手抄残页	招式效果持续时间增加1秒。		390		
1040	1	8	3973	3858	《幻魔妙相・贪魔体》人偶图残页	招式附加移动速度提高，持续5秒，可叠加2层。		365		
1041	1	8	3973	3858	《幻魔妙相・贪魔体》人偶图断篇	招式附加移动速度提高，持续5秒，可叠加2层。		370		
1042	1	8	3973	3858	《幻魔妙相・贪魔体》人偶图绝章	解除自身锁足、减速不利效果。		390		
1043	1	9	3975	3859	《御暗烬灭令・怖畏暗刑》真传残页	招式的有效距离增加1尺。		45		
1044	1	9	3975	3859	《御暗烬灭令・怖畏暗刑》真传断篇	招式的有效距离增加1尺。		120		
1045	1	9	3979	3859	《御暗烬灭令・驱夜断愁》真传残页	招式的有效距离增加1尺。		60		
1046	1	1	3975	3851	《御暗烬灭令・怖畏暗刑》穴位图残页	调息时间减少1秒。		140		
1047	1	1	3975	3851	《御暗烬灭令・怖畏暗刑》穴位图断篇	调息时间减少1秒。		145		
1048	1	1	3975	3851	《御暗烬灭令・怖畏暗刑》穴位图绝章	调息时间减少1秒。		150		
1049	1	8	3975	3858	《御暗烬灭令・怖畏暗刑》人偶图残页	伪装状态下施展，可使目标锁足，持续4秒；非伪装状态下施展，使目标移动速度降低50%，持续4秒。		390		
1050	1	9	3979	3859	《御暗烬灭令・驱夜断愁》真传断篇	招式的有效距离增加1尺。		120		
1051	1	6	3979	3856	《御暗烬灭令・驱夜断愁》参悟残页	伤害提高3%。		45		
1052	1	6	3979	3856	《御暗烬灭令・驱夜断愁》参悟断篇	伤害提高4%。		80		
1053	1	6	3979	3856	《御暗烬灭令・驱夜断愁》参悟绝章	伤害提高5%。		90		
1054	1	5	3979	3855	《御暗烬灭令・驱夜断愁》秘诀残页	会心提高3%。		55		
1055	1	5	3979	3855	《御暗烬灭令・驱夜断愁》秘诀断篇	会心提高4%。		80		
1056	1	5	3979	3855	《御暗烬灭令・驱夜断愁》秘诀绝章	会心提高5%。		85		
1057	1	1	3981	3851	《大圣明尊法・归寂道》穴位图残页	调息时间减少2秒。		150		
1058	1	1	3981	3851	《大圣明尊法・归寂道》穴位图断篇	调息时间减少2秒。		130		
1059	1	1	3981	3851	《大圣明尊法・归寂道》穴位图绝章	调息时间减少2秒。		245		
1060	1	9	3981	3859	《大圣明尊法・归寂道》真传残页	招式的有效距离增加4尺。		125		
1061	1	4	3981	3854	《大圣明尊法・归寂道》注释残页	威胁提高10%。		50		
1062	1	4	3981	3854	《大圣明尊法・归寂道》注释断篇	威胁提高15%。		55		
1063	1	4	3981	3854	《大圣明尊法・归寂道》注释绝章	威胁提高20%。		40		
1064	1	8	3981	3858	《大圣明尊法・归寂道》人偶图残页	额外使目标造成的伤害降低5%，持续5秒。		390		
1065	1	1	3984	3851	《大圣明尊法・渡厄力》穴位图残页	调息时间减少5秒。		150		
1066	1	1	3984	3851	《大圣明尊法・渡厄力》穴位图断篇	调息时间减少5秒。		160		
1067	1	1	3984	3851	《大圣明尊法・渡厄力》穴位图绝章	调息时间减少5秒。		210		
1068	1	11	3984	3861	《大圣明尊法・渡厄力》气血图残页	招式的有效目标人数增加2个。		110		
1069	1	11	3984	3861	《大圣明尊法・渡厄力》气血图断篇	招式的有效目标人数增加2个。		125		
1070	1	12	3984	3859	《大圣明尊法・渡厄力》真传残页	招式的有效范围增加4尺。		100		
1071	1	8	3984	3858	《大圣明尊法・渡厄力》人偶图残页	护盾消失后，使目标被疗伤成效提高20%，持续3秒。		290		
1340	1	6	5258	4738	《打狗棒法・拨狗朝天》参悟残页	伤害提高3%。		35		
1341	1	6	5258	4738	《打狗棒法・拨狗朝天》参悟断篇	伤害提高4%。		40		
1342	1	7	5258	4739	《打狗棒法・拨狗朝天》详解残页	命中提高1%。		35		
1343	1	7	5258	4739	《打狗棒法・拨狗朝天》详解断篇	命中提高2%。		35		
1344	1	5	5258	4734	《打狗棒法・拨狗朝天》秘诀残页	会心提高2%。		35		
1345	1	5	5258	4734	《打狗棒法・拨狗朝天》秘诀断篇	会心提高4%。		45		
1346	1	5	5258	4734	《打狗棒法・拨狗朝天》秘诀绝章	会心提高5%。		65		
1347	1	8	5258	4740	《打狗棒法・拨狗朝天》人偶图残页	招式会心后额外获得3%内力值。		55		
1348	1	6	5361	4738	《打狗棒法・恶狗拦路》参悟残页	伤害提高3%。		115		
1349	1	6	5361	4738	《打狗棒法・恶狗拦路》参悟断篇	伤害提高4%。		130		
1350	1	6	5361	4738	《打狗棒法・恶狗拦路》参悟绝章	伤害提高5%。		155		
1351	1	12	5361	4741	《打狗棒法・恶狗拦路》真传残页	招式的有效范围增加1尺。		125		
1352	1	12	5361	4741	《打狗棒法・恶狗拦路》真传断篇	招式的有效范围增加1尺。		265		
1353	1	8	5361	4740	《打狗棒法・恶狗拦路》人偶图残页	使目标移动速度降低10%，持续5秒。		390		
1354	1	8	5361	4740	《打狗棒法・恶狗拦路》人偶图断篇	额外获得10%内力值。		260		
1355	1	6	5354	4738	《打狗棒法・横打双獒》参悟残页	伤害提高3%。		35		
1356	1	6	5354	4738	《打狗棒法・横打双獒》参悟断篇	伤害提高4%。		35		
1357	1	6	5354	4738	《打狗棒法・横打双獒》参悟绝章	伤害提高5%。		45		
1358	1	7	5354	4739	《打狗棒法・横打双獒》详解残页	命中提高1%。		35		
1359	1	7	5354	4739	《打狗棒法・横打双獒》详解断篇	命中提高2%。		50		
1360	1	5	5354	4734	《打狗棒法・横打双獒》秘诀残页	会心提高3%。		35		
1361	1	5	5354	4734	《打狗棒法・横打双獒》秘诀断篇	会心提高4%。		55		
1362	1	8	5354	4740	《打狗棒法・横打双獒》人偶图残页	招式会心后额外获得3%内力值。		120		
1363	1	6	5257	4738	《打狗棒法・蜀犬吠日》参悟残页	伤害提高3%。		155		
1364	1	6	5257	4738	《打狗棒法・蜀犬吠日》参悟断篇	伤害提高4%。		190		
1365	1	6	5257	4738	《打狗棒法・蜀犬吠日》参悟绝章	伤害提高5%。		220		
1366	1	5	5257	4734	《打狗棒法・蜀犬吠日》秘诀残页	会心提高3%。		120		
1367	1	5	5257	4734	《打狗棒法・蜀犬吠日》秘诀断篇	会心提高4%。		145		
1368	1	5	5257	4734	《打狗棒法・蜀犬吠日》秘诀绝章	会心提高5%。		175		
1369	1	8	5257	4740	《打狗棒法・蜀犬吠日》人偶图残页	招式会心后可解除目标混元、阳性、阴性、毒性增益气劲各一个。		390		
1370	1	8	5257	4740	《打狗棒法・蜀犬吠日》人偶图断篇	施展后5秒内造成伤害的5%转化成自身内力。		280		
1372	1	6	5638	4738	《降龙掌・亢龙有悔》参悟残页	伤害提高3%。	5638	170		
1373	1	6	5638	4738	《降龙掌・亢龙有悔》参悟断篇	伤害提高4%。	5638	190		
1374	1	6	5638	4738	《降龙掌・亢龙有悔》参悟绝章	伤害提高5%。	5638	240		
1375	1	5	5638	4734	《降龙掌・亢龙有悔》秘诀残页	会心提高3%。	5638	150		
1376	1	5	5638	4734	《降龙掌・亢龙有悔》秘诀断篇	会心提高4%。	5638	195		
1377	1	8	5638	4740	《降龙掌・亢龙有悔》人偶图残页	施展后使自身所有防御提高5%，持续5秒。	5638	370		
1378	1	8	5638	4740	《降龙掌・亢龙有悔》人偶图断篇	施展后使自身的外功攻击提高10%，持续6秒。	5638	390		
1379	1	1	5270	4733	《逍遥游・笑醉狂》穴位图残页	调息时间减少10秒。		365		
1380	1	1	5270	4733	《逍遥游・笑醉狂》穴位图断篇	调息时间减少10秒。		390		
1381	1	1	5270	4733	《逍遥游・笑醉狂》穴位图绝章	调息时间减少10秒。		390		
1382	1	8	5270	4740	《逍遥游・笑醉狂》人偶图残页	受到的伤害额外降低5%。		390		
1383	1	8	5270	4740	《逍遥游・笑醉狂》人偶图断篇	每秒回复自身2%气血、内力最大值。		390		
1384	1	6	5649	4738	《降龙掌・神龙降世》参悟残页	伤害提高3%。		250		
1385	1	6	5649	4738	《降龙掌・神龙降世》参悟断篇	伤害提高4%。		250		
1386	1	6	5649	4738	《降龙掌・神龙降世》参悟绝章	伤害提高5%。		315		
1387	1	5	5649	4734	《降龙掌・神龙降世》秘诀残页	会心提高3%。		250		
1388	1	5	5649	4734	《降龙掌・神龙降世》秘诀断篇	会心提高4%。		250		
1389	1	5	5649	4734	《降龙掌・神龙降世》秘诀绝章	会心提高5%。		315		
1390	1	7	5649	4739	《降龙掌・神龙降世》详解残页	命中提高1%。		390		
1391	1	7	5649	4739	《降龙掌・神龙降世》详解断篇	命中提高2%。		390		
1392	1	6	5260	4738	《打狗棒法・天下无狗》参悟残页	伤害提高3%。		45		
1393	1	6	5260	4738	《打狗棒法・天下无狗》参悟断篇	伤害提高4%。		55		
1394	1	6	5260	4738	《打狗棒法・天下无狗》参悟绝章	伤害提高5%。		60		
1395	1	11	5260	4743	《打狗棒法・天下无狗》气血图残页	招式的有效目标人数增加1个。		75		
1396	1	11	5260	4743	《打狗棒法・天下无狗》气血图断篇	招式的有效目标人数增加1个。		130		
1397	1	12	5260	4741	《打狗棒法・天下无狗》真传残页	招式的有效范围增加1尺。		200		
1398	1	12	5260	4741	《打狗棒法・天下无狗》真传断篇	招式的有效范围增加1尺。		225		
1399	1	6	5365	4738	《降龙掌・狂龙乱舞》参悟残页	伤害提高3%。		120		
1400	1	6	5365	4738	《降龙掌・狂龙乱舞》参悟断篇	伤害提高4%。		150		
1401	1	6	5365	4738	《降龙掌・狂龙乱舞》参悟绝章	伤害提高5%。		170		
1402	1	2	5365	4734	《降龙掌・狂龙乱舞》注解残页	施展招式的消耗降低5%。		135		
1403	1	2	5365	4734	《降龙掌・狂龙乱舞》注解断篇	施展招式的消耗降低5%。		145		
1404	1	11	5365	4743	《降龙掌・狂龙乱舞》气血图残页	招式的有效目标人数增加1个。		155		
1405	1	11	5365	4743	《降龙掌・狂龙乱舞》气血图断篇	招式的有效目标人数增加1个。		270		
1406	1	6	5267	4738	《降龙掌・龙啸九天》参悟残页	伤害提高3%。		150		
1407	1	6	5267	4738	《降龙掌・龙啸九天》参悟断篇	伤害提高4%。		240		
1408	1	6	5267	4738	《降龙掌・龙啸九天》参悟绝章	伤害提高5%。		275		
1409	1	1	5267	4733	《降龙掌・龙啸九天》穴位图残页	调息时间减少3秒。		260		
1410	1	1	5267	4733	《降龙掌・龙啸九天》穴位图断篇	调息时间减少3秒。		265		
1411	1	1	5267	4733	《降龙掌・龙啸九天》穴位图绝章	调息时间减少3秒。		290		
1412	1	8	5267	4740	《降龙掌・龙啸九天》人偶图残页	自身恢复5%气血值。		390		
1413	1	6	5262	4738	《降龙掌・龙跃于渊》参悟残页	伤害提高3%。		50		
1414	1	6	5262	4738	《降龙掌・龙跃于渊》参悟断篇	伤害提高4%。		75		
1415	1	6	5262	4738	《降龙掌・龙跃于渊》参悟绝章	伤害提高5%。		60		
1416	1	12	5262	4741	《降龙掌・龙跃于渊》真传残页	招式的有效距离增加1尺。		350		
1417	1	12	5262	4741	《降龙掌・龙跃于渊》真传断篇	招式的有效距离增加1尺。		390		
1418	1	1	5262	4733	《降龙掌・龙跃于渊》穴位图残页	调息时间减少1秒。		50		
1419	1	1	5262	4733	《降龙掌・龙跃于渊》穴位图断篇	调息时间降低1秒。		280		
1420	1	6	5370	4738	《降龙掌・龙腾五岳》参悟残页	伤害提高3%。		55		
1421	1	6	5370	4738	《降龙掌・龙腾五岳》参悟断篇	伤害提高4%。		70		
1422	1	5	5370	4734	《降龙掌・龙腾五岳》秘诀残页	会心提高3%。		100		
1423	1	5	5370	4734	《降龙掌・龙腾五岳》秘诀断篇	会心提高4%。		150		
1424	1	5	5370	4734	《降龙掌・龙腾五岳》秘诀绝章	会心提高5%。		200		
1425	1	7	5370	4739	《降龙掌・龙腾五岳》详解残页	命中提高1%。		75		
1426	1	7	5370	4739	《降龙掌・龙腾五岳》详解断篇	命中提高2%。		125		
1549	1	6	2611	1862	《羽林枪法・霹雳》参悟残页	伤害提高3%。		520		
1550	1	6	2611	1862	《羽林枪法・霹雳》参悟断篇	伤害提高4%。		580		
1551	1	6	2611	1862	《羽林枪法・霹雳》参悟绝章	伤害提高5%。		620		
1552	1	11	2611	1867	《羽林枪法・霹雳》气血图残页	招式的有效目标人数增加1个。		740		
1553	1	7	2611	1863	《羽林枪法・霹雳》详解残页	命中提高2%。		440		
1554	1	2	2611	1858	《羽林枪法・霹雳》注解残页	施展招式的消耗降低5%。		410		
1555	1	2	2611	1858	《羽林枪法・霹雳》注解断篇	施展招式的消耗降低10%。		450		
1556	1	10	2611	1866	《羽林枪法・霹雳》手抄残页	招式效果持续时间增加2秒。		470		
1557	1	6	403	1862	《羽林枪法・龙吟》参悟残页	伤害提高3%。		430		
1558	1	6	403	1862	《羽林枪法・龙吟》参悟断篇	伤害提高4%。		480		
1559	1	6	403	1862	《羽林枪法・龙吟》参悟绝章	伤害提高5%。		510		
1560	1	7	403	1863	《羽林枪法・龙吟》详解残页	命中提高1%。		350		
1561	1	7	403	1863	《羽林枪法・龙吟》详解断篇	命中提高2%。		380		
1562	1	2	403	1858	《羽林枪法・龙吟》注解残页	施展招式的消耗降低5%。		320		
1563	1	2	403	1858	《羽林枪法・龙吟》注解断篇	施展招式的消耗降低10%。		350		
1564	1	1	403	1857	《羽林枪法・龙吟》穴位图残页	调息时间减少1秒。		380		
1565	1	6	1596	2561	《灵峰剑式・鹤归孤山》参悟残页	伤害提高3%。		480		
1566	1	6	1596	2561	《灵峰剑式・鹤归孤山》参悟断篇	伤害提高4%。		530		
1567	1	6	1596	2561	《灵峰剑式・鹤归孤山》参悟绝章	伤害提高5%。		570		
1568	1	5	1596	2560	《灵峰剑式・鹤归孤山》秘诀残页	会心提高2%。		480		
1569	1	8	1596	2563	《灵峰剑式・鹤归孤山》人偶图残页	施展后自身受到的伤害降低5%，持续5秒。		740		
1570	1	8	1596	2563	《灵峰剑式・鹤归孤山》人偶图断篇	施展后自身受到的伤害降低5%，持续5秒。		740		
1571	1	1	1596	2556	《灵峰剑式・鹤归孤山》穴位图残页	调息时间减少2秒。		740		
1572	1	1	1596	2556	《灵峰剑式・鹤归孤山》穴位图断篇	调息时间减少2秒。		740		
1573	1	6	1589	2561	《秀水剑法・梦泉虎跑》参悟残页	伤害提高3%。		520		
1574	1	6	1589	2561	《秀水剑法・梦泉虎跑》参悟断篇	伤害提高4%。		580		
1575	1	6	1589	2561	《秀水剑法・梦泉虎跑》参悟绝章	伤害提高5%。		620		
1576	1	5	1589	2560	《秀水剑法・梦泉虎跑》秘诀残页	会心提高2%。		520		
1577	1	8	1589	2563	《秀水剑法・梦泉虎跑》人偶图残页	每次攻击命中后额外回复2点剑气。		740		
1578	1	8	1589	2563	《秀水剑法・梦泉虎跑》人偶图断篇	期间受到的伤害额外减少5%。		740		
1579	1	9	1589	2564	《秀水剑法・梦泉虎跑》真传残页	招式的有效距离增加1尺。		740		
1580	1	9	1589	2564	《秀水剑法・梦泉虎跑》真传断篇	招式的有效距离增加1尺。		740		
1581	1	6	6901	1829	《北冥剑气・万世不竭》参悟残页	伤害提高3%。		520		
1582	1	6	6901	1829	《北冥剑气・万世不竭》参悟断篇	伤害提高4%。		580		
1583	1	6	6901	1829	《北冥剑气・万世不竭》参悟绝章	伤害提高5%。		620		
1584	1	8	6901	1831	《北冥剑气・万世不竭》人偶图残页	需要的气减少一格。		740		
1585	1	8	6901	1831	《北冥剑气・万世不竭》人偶图断篇	需要的气减少一格。		740		
1586	1	7	6901	1830	《北冥剑气・万世不竭》详解残页	命中提高2%。		440		
1587	1	2	6901	1825	《北冥剑气・万世不竭》注解残页	施展招式的消耗降低5%。		410		
1588	1	2	6901	1825	《北冥剑气・万世不竭》注解断篇	施展招式的消耗降低10%。		450		
1589	1	6	2699	1829	《天道剑势・八荒归元》参悟残页	伤害提高3%。		520		
1590	1	6	2699	1829	《天道剑势・八荒归元》参悟断篇	伤害提高4%。		580		
1591	1	6	2699	1829	《天道剑势・八荒归元》参悟绝章	伤害提高5%。		620		
1592	1	8	2699	1831	《天道剑势・八荒归元》人偶图残页	命中目标则续半格气。		740		
1593	1	7	2699	1830	《天道剑势・八荒归元》详解残页	命中提高2%。		440		
1594	1	1	2699	1824	《天道剑势・八荒归元》穴位图残页	调息时间减少1秒。		740		
1595	1	2	2699	1825	《天道剑势・八荒归元》注解残页	施展招式的消耗降低5%。		410		
1596	1	2	2699	1825	《天道剑势・八荒归元》注解断篇	施展招式的消耗降低10%。		450		
1597	1	6	5266	4738	《降龙掌・龙战于野》参悟残页	伤害提高3%。		430		
1598	1	6	5266	4738	《降龙掌・龙战于野》参悟断篇	伤害提高4%。		480		
1599	1	6	5266	4738	《降龙掌・龙战于野》参悟绝章	伤害提高5%。		510		
1600	1	5	5266	4737	《降龙掌・龙战于野》秘诀残页	会心提高2%。		430		
1601	1	5	5266	4737	《降龙掌・龙战于野》秘诀断篇	会心提高3%。		480		
1602	1	1	5266	4733	《降龙掌・龙战于野》穴位图残页	调息时间降低1秒。		740		
1603	1	7	5266	4739	《降龙掌・龙战于野》详解残页	命中提高1%。		350		
1604	1	7	5266	4739	《降龙掌・龙战于野》详解断篇	命中提高2%。		380		
1605	1	3	5268	4735	《逍遥行・酒中仙》经脉图残页	运功时间减少12.5%。		740		
1606	1	3	5268	4735	《逍遥行・酒中仙》经脉图断篇	运功时间减少12.5%。		740		
1607	1	8	5268	4740	《逍遥行・酒中仙》人偶图残页	“酣畅淋漓”同时使自身移动速度提高10%。		740		
1608	1	10	5268	4742	《逍遥行・酒中仙》手抄残页	每次喝酒获得的“酣畅淋漓”效果增加0.5秒。		740		
1609	1	10	5268	4742	《逍遥行・酒中仙》手抄断篇	每次喝酒获得的“酣畅淋漓”效果增加0.5秒。		740		
1610	1	1	5268	4733	《逍遥行・酒中仙》穴位图残页	调息时间减少5秒。		740		
1611	1	1	5268	4733	《逍遥行・酒中仙》穴位图断篇	调息时间减少5秒。		740		
1612	1	1	5268	4733	《逍遥行・酒中仙》穴位图绝章	调息时间减少5秒。		740		
1613	1	7	3980	3857	《大圣明尊法・戒火斩》详解残页	命中提高1%。		350		
1614	1	7	3980	3857	《大圣明尊法・戒火斩》详解断篇	命中提高2%。		380		
1615	1	1	3980	3851	《大圣明尊法・戒火斩》穴位图残页	调息时间减少1秒。		740		
1616	1	9	3980	3859	《大圣明尊法・戒火斩》真传残页	招式的有效距离增加2尺。		690		
1617	1	9	3980	3859	《大圣明尊法・戒火斩》真传断篇	招式的有效距离增加3尺。		740		
1618	1	4	3980	3854	《大圣明尊法・戒火斩》注释残页	威胁提高10%。		350		
1619	1	4	3980	3854	《大圣明尊法・戒火斩》注释断篇	威胁提高15%。		380		
1620	1	4	3980	3854	《大圣明尊法・戒火斩》注释绝章	威胁提高20%。		410		
1621	1	6	3966	3856	《日月净世・生死劫》参悟残页	伤害提高3%。		480		
1622	1	6	3966	3856	《日月净世・生死劫》参悟断篇	伤害提高4%。		530		
1623	1	6	3966	3856	《日月净世・生死劫》参悟绝章	伤害提高5%。		570		
1624	1	9	3966	3859	《日月净世・生死劫》真传残页	招式的有效距离增加1尺。		740		
1625	1	9	3966	3859	《日月净世・生死劫》真传断篇	招式的有效距离增加1尺。		740		
1626	1	8	3966	3858	《日月净世・生死劫》人偶图残页	眩晕和目标被疗伤成效减少的效果持续时间增加1秒。		740		
1627	1	7	3966	3857	《日月净世・生死劫》详解残页	命中提高1%。		390		
1628	1	7	3966	3857	《日月净世・生死劫》详解断篇	命中提高2%。		430		
1629	1	8	565	1842	《霓裳羽衣・回雪飘摇》人偶图残页	招式命中后有一定几率为除自己外的小队成员回复600点内力。		740		
1630	1	6	565	1840	《霓裳羽衣・回雪飘摇》参悟残页	疗伤成效提高3%。		520		
1631	1	8	565	1842	《霓裳羽衣・回雪飘摇》人偶图断篇	招式造成的威胁值降低2000点。		740		
1632	1	6	565	1840	《霓裳羽衣・回雪飘摇》参悟断篇	疗伤成效提高4%。		580		
1633	1	6	565	1840	《霓裳羽衣・回雪飘摇》参悟绝章	疗伤成效提高5%。		620		
1634	1	12	565	1843	《霓裳羽衣・回雪飘摇》真传残页	招式的有效范围增加2尺。		740		
1635	1	2	565	1836	《霓裳羽衣・回雪飘摇》注解残页	施展招式的消耗降低10%。		410		
1636	1	2	565	1836	《霓裳羽衣・回雪飘摇》注解断篇	施展招式的消耗降低15%。		450		
1637	1	6	2707	1840	《西河剑器・玳弦急曲》参悟残页	伤害提高3%。		630		
1638	1	6	2707	1840	《西河剑器・玳弦急曲》参悟断篇	伤害提高4%。		690		
1639	1	6	2707	1840	《西河剑器・玳弦急曲》参悟绝章	伤害提高5%。		730		
1640	1	8	2707	1842	《西河剑器・玳弦急曲》人偶图残页	招式命中后有一定几率为除自己外的小队成员回复600点内力。		740		
1641	1	8	2707	1842	《西河剑器・玳弦急曲》人偶图断篇	招式造成的威胁值降低2000点。		740		
1642	1	9	2707	1843	《西河剑器・玳弦急曲》真传残页	招式有效距离增加5尺。		520		
1643	1	2	2707	1836	《西河剑器・玳弦急曲》注解残页	施展招式的消耗降低10%。		490		
1644	1	2	2707	1836	《西河剑器・玳弦急曲》注解断篇	施展招式的消耗降低15%。		530		
1645	1	6	243	1851	《龙爪功・拿云式》参悟残页	伤害提高3%。		520		
1646	1	6	243	1851	《龙爪功・拿云式》参悟断篇	伤害提高4%。		580		
1647	1	6	243	1851	《龙爪功・拿云式》参悟绝章	伤害提高5%。		620		
1648	1	8	243	1853	《龙爪功・拿云式》人偶图残页	命中后获得1点禅那。		740		
1649	1	7	243	1852	《龙爪功・拿云式》详解残页	命中提高2%。		440		
1650	1	2	243	1847	《龙爪功・拿云式》注解残页	施展招式的消耗降低5%。		410		
1651	1	2	243	1847	《龙爪功・拿云式》注解断篇	施展招式的消耗降低10%。		450		
1652	1	2	243	1847	《龙爪功・拿云式》注解绝章	施展招式的消耗降低15%。		470		
1653	1	8	2589	1853	《罗汉棍法・归去来棍》人偶图残页	招式命中目标后，自身受到的伤害降低10%，持续5秒，持续时间可以累加。		740		
1654	1	7	2589	1852	《罗汉棍法・归去来棍》详解残页	命中提高1%。		350		
1655	1	7	2589	1852	《罗汉棍法・归去来棍》详解断篇	命中提高2%。		380		
1656	1	1	2589	1846	《罗汉棍法・归去来棍》穴位图残页	调息时间减少5秒。		740		
1657	1	1	2589	1846	《罗汉棍法・归去来棍》穴位图断篇	调息时间减少5秒。		740		
1658	1	4	2589	1849	《罗汉棍法・归去来棍》注释残页	威胁提高10%。		350		
1659	1	4	2589	1849	《罗汉棍法・归去来棍》注释断篇	威胁提高15%。		380		
1660	1	4	2589	1849	《罗汉棍法・归去来棍》注释绝章	威胁提高20%。		410		
1661	1	6	3101	3159	《百步穿杨・逐星箭》参悟残页	伤害提高3%。		430		
1662	1	6	3101	3159	《百步穿杨・逐星箭》参悟断篇	伤害提高4%。		480		
1663	1	6	3101	3159	《百步穿杨・逐星箭》参悟绝章	伤害提高5%。		510		
1664	1	8	3101	3161	《百步穿杨・逐星箭》人偶图残页	招式命中后获得5点神机值。		740		
1665	1	8	3101	3161	《百步穿杨・逐星箭》人偶图断篇	招式命中后获得5点神机值。		740		
1666	1	10	3101	3163	《百步穿杨・逐星箭》手抄残页	招式效果持续时间增加2秒。		740		
1667	1	7	3101	3160	《百步穿杨・逐星箭》详解残页	命中提高1%。		350		
1668	1	7	3101	3160	《百步穿杨・逐星箭》详解断篇	命中提高2%。		380		
1669	1	6	3357	3159	《九宫飞星・图穷匕见》参悟残页	伤害提高3%。		480		
1670	1	6	3357	3159	《九宫飞星・图穷匕见》参悟断篇	伤害提高4%。		530		
1671	1	6	3357	3159	《九宫飞星・图穷匕见》参悟绝章	伤害提高5%。		570		
1672	1	5	3357	3158	《九宫飞星・图穷匕见》秘诀残页	会心提高2%。		480		
1673	1	7	3357	3160	《九宫飞星・图穷匕见》详解残页	命中提高1%。		390		
1674	1	7	3357	3160	《九宫飞星・图穷匕见》详解断篇	命中提高2%。		430		
1675	1	12	3357	3162	《九宫飞星・图穷匕见》真传残页	招式的有效范围增加1尺。		740		
1676	1	12	3357	3162	《九宫飞星・图穷匕见》真传断篇	招式的有效范围增加1尺。		740		
1677	1	6	2636	1873	《百花拂穴手・快雪时晴》参悟残页	伤害提高3%。		580		
1678	1	6	2636	1873	《百花拂穴手・快雪时晴》参悟断篇	伤害提高4%。		640		
1679	1	6	2636	1873	《百花拂穴手・快雪时晴》参悟绝章	伤害提高5%。		670		
1680	1	8	2636	1875	《百花拂穴手・快雪时晴》人偶图残页	招式附加噬骨不利气劲，每层受混元性内功伤害提高2%，持续15秒，最多叠加5层。		740		
1681	1	7	2636	1874	《百花拂穴手・快雪时晴》详解残页	命中提高1%。		480		
1682	1	7	2636	1874	《百花拂穴手・快雪时晴》详解断篇	命中提高2%。		520		
1683	1	2	2636	1869	《百花拂穴手・快雪时晴》注解残页	施展招式的消耗降低10%。		460		
1684	1	2	2636	1869	《百花拂穴手・快雪时晴》注解断篇	施展招式的消耗降低15%。		480		
1685	1	8	140	1875	《太素九针・彼针》人偶图残页	疗伤成效提高3%。		480		
1686	1	8	140	1875	《太素九针・彼针》人偶图断篇	疗伤成效提高4%。		540		
1687	1	8	140	1875	《太素九针・彼针》人偶图绝章	疗伤成效提高5%。		580		
1688	1	1	140	1868	《太素九针・彼针》穴位图残页	调息时间减少1秒。		740		
1689	1	1	140	1868	《太素九针・彼针》穴位图断篇	调息时间减少1秒。		740		
1690	1	12	140	1876	《太素九针・彼针》真传残页	招式的有效范围增加1尺。		690		
1691	1	12	140	1876	《太素九针・彼针》真传断篇	招式的有效范围增加1尺。		740		
1692	1	2	140	1869	《太素九针・彼针》注解残页	施展招式的消耗降低10%。		320		
1693	1	8	2957	2723	《补天心经・圣手织天》人偶图残页	疗伤成效提高3%。		480		
1694	1	8	2957	2723	《补天心经・圣手织天》人偶图断篇	疗伤成效提高4%。		540		
1695	1	8	2957	2723	《补天心经・圣手织天》人偶图绝章	疗伤成效提高5%。		580		
1696	1	10	2957	2725	《补天心经・圣手织天》手抄残页	招式效果持续时间增加1秒。		740		
1697	1	1	2957	2716	《补天心经・圣手织天》穴位图残页	调息时间减少1秒。		740		
1698	1	1	2957	2716	《补天心经・圣手织天》穴位图断篇	调息时间减少1秒。		740		
1699	1	9	2957	2724	《补天心经・圣手织天》真传残页	招式的有效距离增加2尺。		690		
1700	1	9	2957	2724	《补天心经・圣手织天》真传断篇	招式的有效距离增加2尺。		740		
1701	1	6	2213	2721	《千劫万毒手・千丝》参悟残页	伤害提高3%。		430		
1702	1	6	2213	2721	《千劫万毒手・千丝》参悟断篇	伤害提高4%。		480		
1703	1	6	2213	2721	《千劫万毒手・千丝》参悟绝章	伤害提高5%。		510		
1704	1	1	2213	2716	《千劫万毒手・千丝》穴位图残页	调息时间减少1秒。		740		
1705	1	1	2213	2716	《千劫万毒手・千丝》穴位图断篇	调息时间减少1秒。		740		
1706	1	2	2213	2717	《千劫万毒手・千丝》注解残页	施展招式的消耗降低5%。		320		
1707	1	2	2213	2717	《千劫万毒手・千丝》注解断篇	施展招式的消耗降低10%。		350		
1708	1	2	2213	2717	《千劫万毒手・千丝》注解绝章	施展招式的消耗降低15%。		380		
1715	1	2	6520	1858	《游龙骑法・战八方》注解残页	施展招式的消耗降低5%。	6520	15		
1716	1	2	6520	1858	《游龙骑法・战八方》注解断篇	施展招式的消耗降低10%。	6520	20		
1717	1	2	6520	1858	《游龙骑法・战八方》注解绝章	施展招式的消耗降低15%。	6520	50		
1718	1	9	6520	1865	《游龙骑法・战八方》真传残页	招式的有效范围增加2尺。	6520	30		
1719	1	11	6520	1867	《游龙骑法・战八方》气血图残页	招式的有效目标人数增加1个。	6520	45		
1720	1	6	6520	1862	《游龙骑法・战八方》参悟残页	伤害提高5%。	6520	20		
1721	1	6	6520	1862	《游龙骑法・战八方》参悟断篇	伤害提高5%。	6520	25		
1722	1	6	6444	3159	《乾坤一掷・暴雨梨花针》参悟残页	伤害提高3%。	6444	120		
1723	1	6	6444	3159	《乾坤一掷・暴雨梨花针》参悟断篇	伤害提高4%。	6444	115		
1724	1	6	6444	3159	《乾坤一掷・暴雨梨花针》参悟绝章	伤害提高5%。	6444	135		
1725	1	5	6444	3158	《乾坤一掷・暴雨梨花针》秘诀残页	会心提高3%。	6444	130		
1726	1	5	6444	3158	《乾坤一掷・暴雨梨花针》秘诀断篇	会心提高4%。	6444	115		
1728	1	7	6444	3160	《乾坤一掷・暴雨梨花针》详解残页	命中提高1%。	6444	120		
1729	1	7	6444	3160	《乾坤一掷・暴雨梨花针》详解断篇	命中提高2%。	6444	125		
1730	1	8	6444	3161	《乾坤一掷・暴雨梨花针》人偶图残页	招式附加气魄效果，每层元气和力道提高1%，持续60秒，最多叠加5层。	6444	390		
1731	1	3	6662	2718	《补天心经・冰蚕牵丝》经脉图残页	运功时间减少0.125秒。	6662	225		
1732	1	3	6662	2718	《补天心经・冰蚕牵丝》经脉图断篇	运功时间减少0.125秒。	6662	195		
1733	1	2	6662	2717	《补天心经・冰蚕牵丝》注解残页	施展招式的消耗降低5%。	6662	170		
1734	1	2	6662	2717	《补天心经・冰蚕牵丝》注解断篇	施展招式的消耗降低10%。	6662	120		
1735	1	9	6662	2724	《补天心经・冰蚕牵丝》真传残页	招式的有效距离增加2尺。	6662	275		
1736	1	8	6662	2723	《补天心经・冰蚕牵丝》人偶图残页	疗伤成效提高4%。	6662	190		
1737	1	8	6662	2723	《补天心经・冰蚕牵丝》人偶图断篇	疗伤成效提高5%。	6662	390		
1743	1	6	8490	4738	《降龙掌・亢龙有悔》参悟残页	伤害提高3%。	8490	170		
1744	1	6	8490	4738	《降龙掌・亢龙有悔》参悟断篇	伤害提高4%。	8490	190		
1745	1	6	8490	4738	《降龙掌・亢龙有悔》参悟绝章	伤害提高5%。	8490	240		
1746	1	5	8490	4734	《降龙掌・亢龙有悔》秘诀残页	会心提高3%。	8490	150		
1747	1	5	8490	4734	《降龙掌・亢龙有悔》秘诀断篇	会心提高4%。	8490	195		
1748	1	8	8490	4740	《降龙掌・亢龙有悔》人偶图残页	施展后使自身所有防御提高5%，持续5秒。	8490	370		
1749	1	8	8490	4740	《降龙掌・亢龙有悔》人偶图断篇	施展后使自身的外功攻击提高10%，持续6秒。	8490	390		
1764	1	3	6621	2718	《千劫万毒手・蝎心》经脉图残页	运功时间减少0.125秒。	6621	320		
1765	1	3	6621	2718	《千劫万毒手・蝎心》经脉图断篇	运功时间减少0.125秒。	6621	235		
1766	1	2	6621	2717	《千劫万毒手・蝎心》注解残页	施展招式的消耗降低10%。	6621	140		
1767	1	5	6621	2720	《千劫万毒手・蝎心》秘诀断篇	会心提高3%。	6621	140		
1768	1	5	6621	2720	《千劫万毒手・蝎心》秘诀残页	会心提高2%。	6621	155		
1769	1	6	6621	2721	《千劫万毒手・蝎心》参悟残页	伤害提高3%。	6621	155		
1770	1	6	6621	2721	《千劫万毒手・蝎心》参悟断篇	伤害提高4%。	6621	180		
1805	1	2	9440	1858	《游龙骑法・战八方》注解残页	施展招式的消耗降低5%	9440	15		
1806	1	2	9440	1858	《游龙骑法・战八方》注解断篇	施展招式的消耗降低10%。	9440	20		
1807	1	2	9440	1858	《游龙骑法・战八方》注解绝章	施展招式的消耗降低15%。	9440	50		
1808	1	9	9440	1865	《游龙骑法・战八方》真传残页	招式的有效距离增加2尺。	9440	30		
1809	1	11	9440	1867	《游龙骑法・战八方》气血图残页	招式的有效目标人数增加1个。	9440	45		
1810	1	6	9440	1862	《游龙骑法・战八方》参悟残页	伤害提高5%	9440	20		
1811	1	6	9440	1862	《游龙骑法・战八方》参悟断篇	伤害提高5%。	9440	25		
1812	1	2	9441	1858	《游龙骑法・战八方》注解残页	施展招式的消耗降低5%	9441	15		
1813	1	2	9441	1858	《游龙骑法・战八方》注解断篇	施展招式的消耗降低10%。	9441	20		
1814	1	2	9441	1858	《游龙骑法・战八方》注解绝章	施展招式的消耗降低15%。	9441	50		
1815	1	9	9441	1865	《游龙骑法・战八方》真传残页	招式的有效距离增加2尺。	9441	30		
1816	1	11	9441	1867	《游龙骑法・战八方》奇穴图残页	招式的有效目标人数增加1个。	9441			
1817	1	6	9441	1862	《游龙骑法・战八方》参悟残页	伤害提高5%。	9441	20		
1818	1	6	9441	1862	《游龙骑法・战八方》参悟断篇	伤害提高5%。	9441	25		
1830	1	6	13052	6361	《苍雪刀・劫刀》参悟残页	伤害提高3%。	0	55		
1831	1	6	13052	6361	《苍雪刀・劫刀》参悟断篇	伤害提高4%。	0	70		
1832	1	6	13052	6361	《苍雪刀・劫刀》参悟绝章	伤害提高5%。	0	125		
1833	1	5	13052	6360	《苍雪刀・劫刀》秘诀残页	会心提高2%。	0	55		
1834	1	5	13052	6360	《苍雪刀・劫刀》秘诀断篇	会心提高3%。	0	70		
1835	1	5	13052	6360	《苍雪刀・劫刀》秘诀绝章	会心提高4%。	0	125		
1836	1	14	13052	6357	《苍雪刀・劫刀》注解残页	施展招式的怒气消耗降低5点。	0	230		
1837	1	14	1	6357	《苍雪刀・劫刀》注解断篇	施展招式的怒气消耗降低3点。	0			
1838	1	6	13054	6361	《苍雪刀・斩刀》参悟残页	伤害提高3%。	0	55		
1839	1	6	13054	6361	《苍雪刀・斩刀》参悟断篇	伤害提高4%。	0	70		
1840	1	6	13054	6361	《苍雪刀・斩刀》参悟绝章	伤害提高5%。	0	150		
1841	1	5	13054	6360	《苍雪刀・斩刀》秘诀残页	会心提高2%。	0	55		
1842	1	5	13054	6360	《苍雪刀・斩刀》秘诀断篇	会心提高3%。	0	70		
1843	1	5	13054	6360	《苍雪刀・斩刀》秘诀绝章	会心提高4%。	0	155		
1844	1	8	13054	6363	《苍雪刀・斩刀》人偶图残页	使目标锁足3秒。	0	310		
1845	1	8	13054	6363	《苍雪刀・斩刀》人偶图断篇	解除自身减速和锁足效果。	0	390		
1846	1	6	13055	6361	《苍雪刀・绝刀》参悟残页	伤害提高4%。	0	120		
1847	1	6	13055	6361	《苍雪刀・绝刀》参悟断篇	伤害提高5%。	0	175		
1848	1	5	13055	6360	《苍雪刀・绝刀》秘诀残页	会心提高3%。	0	120		
1849	1	5	13055	6360	《苍雪刀・绝刀》秘诀断篇	会心提高4%。	0	175		
1850	1	8	13055	6363	《苍雪刀・绝刀》人偶图残页	怒气消耗降低10点。	0	240		
1851	1	8	1	6363	《苍雪刀・绝刀》人偶图断篇	回复5点怒气。	0			
1852	1	6	13045	6361	《云城盾・盾压》参悟残页	伤害提高4%。	0	120		
1853	1	6	13045	6361	《云城盾・盾压》参悟断篇	伤害提高5%。	0	180		
1854	1	5	13045	6360	《云城盾・盾压》秘诀残页	会心提高3%。	0	120		
1855	1	5	13045	6360	《云城盾・盾压》秘诀断篇	会心提高4%。	0	180		
1856	1	1	13045	6356	《云城盾・盾压》穴位图残页	调息时间减少1秒。	0	370		
1857	1	1	13045	6356	《云城盾・盾压》穴位图断篇	调息时间减少1秒。	0	390		
1858	1	8	13045	6363	《云城盾・盾压》人偶图残页	增加5%触发几率。	0	230		
1859	1	8	13045	6363	《云城盾・盾压》人偶图断篇	增加5%触发几率。	0	370		
1860	1	6	13044	6361	《云城盾・盾刀》参悟残页	伤害提高3%。	0	35		
1861	1	6	13044	6361	《云城盾・盾刀》参悟断篇	伤害提高4%。	0	50		
1862	1	6	13044	6361	《云城盾・盾刀》参悟绝章	伤害提高5%。	0	120		
1863	1	5	13044	6360	《云城盾・盾刀》秘诀残页	会心提高2%。	0	40		
1864	1	5	13044	6360	《云城盾・盾刀》秘诀断篇	会心提高3%。	0	50		
1865	1	5	13044	6360	《云城盾・盾刀》秘诀绝章	会心提高4%。	0	120		
1866	1	8	13044	6363	《云城盾・盾刀》人偶图残页	盾刀第三段攻击额外回复5点怒气。	0	290		
1867	1	10	13040	6365	《寒铁诀・血怒》手抄残页	招式效果持续时间增加1秒。	0	180		
1868	1	10	13040	6365	《寒铁诀・血怒》手抄断篇	招式效果持续时间增加1秒。	0	285		
1869	1	10	13040	6365	《寒铁诀・血怒》手抄绝章	招式效果持续时间增加1秒。	0	390		
1870	1	8	13040	6363	《寒铁诀・血怒》人偶图残页	回复5点怒气。	0	285		
1871	1	8	13040	6363	《寒铁诀・血怒》人偶图断篇	回复5点怒气。	0	340		
1872	1	8	13040	6363	《寒铁诀・血怒》人偶图绝章	回复5点怒气。	0	390		
1873	1	13	13040	6363	《寒铁诀・血怒》真髓图残页	回复2%气血最大值。	0	340		
1874	1	13	13040	6363	《寒铁诀・血怒》真髓图断篇	回复3%气血最大值。	0	390		
1874	2	9	0	0	《寒铁诀・血怒》真传断篇	恢复5%气血最大值。	0			
1879	1	0	0	0	测试	测试	0			
1880	1	1	13049	6356	《破阵令・盾墙》穴位图残页	调息时间减少5秒。	0	240		
1881	1	1	13049	6356	《破阵令・盾墙》穴位图断篇	调息时间减少5秒。	0	280		
1882	1	1	13049	6356	《破阵令・盾墙》穴位图绝章	调息时间减少5秒。	0	350		
1883	1	3	0	6363			0			
1884	1	3	0	6363	《破阵令・盾墙》经脉图断篇	回复5%气血最大值。	0			
1885	1	8	13049	6363	《破阵令・盾墙》人偶图残页	移动速度提高5%。	0	140		
1886	1	8	13049	6363	《破阵令・盾墙》人偶图断篇	移动速度提高5%。	0	170		
1887	1	8	13049	6363	《破阵令・盾墙》人偶图绝章	移动速度提高5%。	0	235		
1888	1	13	13049	6363	《破阵令・盾墙》真髓图残页	受到的伤害额外降低10%。	0	170		
1889	1	13	13049	6363	《破阵令・盾墙》真髓图断篇	受到的伤害额外降低10%。	0	235		
1895	1	1	13055	6356	《苍雪刀・绝刀》穴位图残页	调息时间减少1秒。	0	320		
1896	1	1	13055	6356	《苍雪刀・绝刀》穴位图断篇	调息时间减少2秒。	0	390		
1902	1	6	13048	6361	《破阵令・盾舞》参悟残页	伤害提高4%。	0	35		
1903	1	6	13048	6361	《破阵令・盾舞》参悟断篇	伤害提高5%。	0	55		
1904	1	5	13048	6360	《破阵令・盾舞》秘诀残页	会心提高3%。	0	30		
1905	1	5	13048	6360	《破阵令・盾舞》秘诀断篇	会心提高4%。	0	40		
1906	1	15	13048	6364	《破阵令・盾舞》真传残页	招式的有效范围增加1尺。	0	60		
1907	1	15	13048	6364	《破阵令・盾舞》真传断篇	招式的有效范围增加1尺。	0	130		
1908	1	8	13048	6363	《破阵令・盾舞》人偶图残页	招式效果持续时间增加1秒。	0	200		
1909	1	8	13048	6363	《破阵令・盾舞》人偶图断篇	招式效果持续时间增加2秒。	0	315		
1945	1	5	13430	2720	《千劫万毒手・蛇影》秘诀残页	会心提高2%。	0	105	0	
1946	1	5	13430	2720	《千劫万毒手・蛇影》注解断篇	施展招式的消耗降低5%。	0	105	0	
1947	1	5	13430	2720	《千劫万毒手・蛇影》秘诀绝章	会心提高4%。	0	165	0	
1948	1	10	13430	2725	《千劫万毒手・蛇影》手抄残页	招式效果持续时间增加2秒。	0	145	0	
1949	1	9	13430	2724	《千劫万毒手・蛇影》真传残页	招式的有效距离增加4尺。	0	170	0	
1950	1	6	13430	2721	《千劫万毒手・蛇影》参悟残页	伤害提高4%。	0	120	0	
1951	1	6	13430	2721	《千劫万毒手・蛇影》参悟断篇	伤害提高5%。	0	140	0	
1953	1	6	13050	6361	《破阵令・盾飞》参悟残页	伤害提高3%。	0	45		
1954	1	6	13050	6361	《破阵令・盾飞》参悟断篇	伤害提高4%。	0	50		
1955	1	5	13050	6360	《破阵令・盾飞》秘诀残页	会心提高2%。	0	55		
1956	1	5	13050	6360	《破阵令・盾飞》秘诀断篇	会心提高3%。	0	85		
1957	1	10	13050	6365	《破阵令・盾飞》手抄残页	招式效果持续时间增加5秒。	0	220		
1958	1	10	13050	6365	《破阵令・盾飞》手抄断篇	招式效果持续时间增加5秒。	0	345		
1959	1	8	13050	6363	《破阵令・盾飞》人偶图残页	使目标受到的外功伤害提高5%，持续15秒。	0	345		
1963	1	13	1	6363	《寒铁诀・血怒》真髓绝章	回复3%气血最大值。	0			
1995	1	12	6675	2724	《补天心经・醉舞九天》真传断篇	招式的有效范围增加2尺	0	230		
1996	1	8	6675	2723	《补天心经・醉舞九天》人偶图绝章	疗伤成效提高6%。	0	360		
1997	1	2	6675	2717	《补天心经・醉舞九天》注解残页	施展招式的消耗降低5%。	0	105		
1998	1	2	6675	2717	《补天心经・醉舞九天》注解断篇	施展招式的消耗降低10%。	0	105		
1999	1	12	6675	2724	《补天心经・醉舞九天》真传残页	招式的有效范围增加2尺。	0	170		
2000	1	8	6675	2723	《补天心经・醉舞九天》人偶图残页	疗伤成效提高4%。	0	150		
2001	1	8	6675	2723	《补天心经・醉舞九天》人偶图断篇	疗伤成效提高5%。	0	390		
2005	1	8	401	1864	《羽林枪法・破风》人偶图残页	施展破风使目标受到的外功伤害提高5%。	0	390		
2042	1	3	14064	7971	《音・宫》经脉图残页	运功时间减少0.125秒。	0	395		
2043	1	3	14064	7971	《音・宫》经脉图断篇	运功时间减少0.125秒。	0	395		
2044	1	9	14064	7977	《音・宫》真传残页	招式有效距离增加2尺。	0	45		
2045	1	6	14064	7974	《音・宫》参悟残页	伤害提高3%。	0	140		
2046	1	6	14064	7974	《音・宫》参悟断篇	伤害提高4%。	0	210		
2047	1	5	14064	7973	《音・宫》秘诀残页	会心提高2%。	0	85		
2048	1	5	14064	7973	《音・宫》秘诀断篇	会心提高3%。	0	140		
2049	1	5	14064	7973	《音・宫》秘诀绝章	会心提高4%。	0	210		
2050	1	3	14137	7971	《音・宫》经脉图残页	运功时间减少0.125秒。	0	395	0	
2051	1	3	14137	7971	《音・宫》经脉图断篇	运功时间减少0.125秒。	0	395	0	
2052	1	9	14137	7977	《音・宫》真传残页	招式有效距离增加2尺。	0	45	0	
2053	1	8	14137	7976	《音・宫》人偶图残页	疗伤成效提高3%。	0	140		
2054	1	8	14137	7976	《音・宫》人偶图断篇	疗伤成效提高4%。	0	210		
2055	1	5	14137	7973	《音・宫》秘诀残页	会心提高2%。	0	85	0	
2056	1	5	14137	7973	《音・宫》秘诀断篇	会心提高3%。	0	140	0	
2057	1	5	14137	7973	《音・宫》秘诀绝章	会心提高4%。	0	210	0	
2058	1	6	14065	7974	《音・商》参悟残页	伤害提高3%。	0	140		
2059	1	6	14065	7974	《音・商》参悟断篇	伤害提高4%。	0	210		
2060	1	6	14065	7974	《音・商》参悟绝章	伤害提高5%。	0	295		
2061	1	2	14065	7970	《音・商》注解残页	施展招式的消耗降低5%。	0	45		
2062	1	2	14065	7970	《音・商》注解断篇	施展招式的消耗降低10%。	0	85		
2063	1	5	14065	7973	《音・商》秘诀残页	会心提高2%。	0	85		
2064	1	5	14065	7973	《音・商》秘诀断篇	会心提高3%。	0	140		
2065	1	5	14065	7973	《音・商》秘诀绝章	会心提高4%。	0	210		
2066	1	8	14138	7976	《音・商》人偶图残页	疗伤成效提高3%。	0	140		
2067	1	8	14138	7976	《音・商》人偶图断篇	疗伤成效提高4%。	0	210		
2068	1	8	14138	7976	《音・商》人偶图绝章	疗伤成效提高5%。	0	295		
2069	1	2	14138	7970	《音・商》注解残页	施展招式的消耗降低5%。	0	45	0	
2070	1	2	14138	7970	《音・商》注解断篇	施展招式的消耗降低10%。	0	85	0	
2071	1	5	14138	7973	《音・商》秘诀残页	会心提高2%。	0	85	0	
2072	1	5	14138	7973	《音・商》秘诀断篇	会心提高3%。	0	140	0	
2073	1	5	14138	7973	《音・商》秘诀绝章	会心提高4%。	0	210	0	
2074	1	6	14067	7974	《音・徵》参悟残页	伤害提高3%。	0	140		
2075	1	6	14067	7974	《音・徵》参悟断篇	伤害提高4%。	0	210		
2076	1	5	14067	7973	《音・徵》秘诀残页	会心提高2%。	0	85		
2077	1	5	14067	7973	《音・徵》秘诀断篇	会心提高3%。	0	140		
2078	1	5	14067	7973	《音・徵》秘诀绝章	会心提高4%。	0	210		
2079	1	9	14067	7977	《音・徵》真传残页	招式有效距离增加2尺。	0	45		
2080	1	16	14067	7976	《音・徵》归元图残页	使目标无法施展轻功，持续2秒。	0	210		
2081	1	16	14067	7976	《音・徵》归元图断篇	使目标移动速度降低50%，持续2秒。	0	210		
2082	1	8	14140	7976	《音・徵》人偶图残页	疗伤成效提高3%。	0	140		
2083	1	8	14140	7976	《音・徵》人偶图断篇	疗伤成效提高4%。	0	210		
2084	1	5	14140	7973	《音・徵》秘诀残页	会心提高2%。	0	85	0	
2085	1	5	14140	7973	《音・徵》秘诀断篇	会心提高3%。	0	140	0	
2086	1	5	14140	7973	《音・徵》秘诀绝章	会心提高4%。	0	210	0	
2087	1	9	14140	7977	《音・徵》真传残页	招式有效距离增加2尺。	0	45	0	
2088	1	13	14140	7976	《音・徵》真髓图残页	使目标移动速度提高20%，持续2秒。	0	85		
2089	1	6	14068	7974	《音・羽》参悟残页	伤害提高3%.	0	140		
2090	1	6	14068	7974	《音・羽》参悟断篇	伤害提高4%。	0	210		
2091	1	5	14068	7973	《音・羽》秘诀残页	会心提高3%。	0	140		
2092	1	5	14068	7973	《音・羽》秘诀断篇	会心提高4%。	0	210		
2093	1	2	14068	7970	《音・羽》注解残页	施展招式的消耗降低5%。	0	45		
2094	1	2	14068	7970	《音・羽》注解断篇	施展招式消耗降低10%。	0	85		
2095	1	8	14068	7976	《音・羽》归元图残页	对受控目标造成的伤害提高10%。	0	210		
2096	1	8	14068	7976	《音・羽》归元图断篇	命中受控目标使目标受到下一次技能伤害提高20%，持续5秒。	0	210		
2097	1	8	14141	7976	《音・羽》人偶图残页	疗伤成效提高3%。	0	140		
2098	1	8	14141	7976	《音・羽》人偶图断篇	疗伤成效提高4%。	0	210		
2099	1	5	14141	7973	《音・羽》秘诀残页	会心提高3%。	0	140	0	
2100	1	5	14141	7973	《音・羽》秘诀断篇	会心提高4%。	0	210	0	
2101	1	2	14141	7970	《音・羽》注解残页	施展招式消耗降低5%。	0	45	0	
2102	1	2	14141	7970	《音・羽_治疗》注解断篇	施展招式消耗降低10%。	0	85	0	
2103	1	13	14141	7976	《音・羽》真髓图残页	对受控目标造成的治疗效果提高10%。	0	210		
2104	1	13	14141	7976	《音・羽》真髓图断篇	命中受控目标使目标受到下一次技能伤害降低20%，持续5秒。	0	210		
2105	1	3	14084	7971	《影・杯水留影》经脉图残页	运功时间减少0.25秒。	0	295		
2106	1	3	14084	7971	《影・杯水留影》经脉图断篇	运功时间减少0.25秒。	0	295		
2107	1	3	14084	7971	《影・杯水留影》经脉图绝章	运功时间减少0.5秒。	0	395		
2108	1	9	14084	7977	《影・杯水留影》真传残页	招式有效距离增加2尺。	0	85		
2109	1	9	14084	7977	《影・杯水留影》真传断篇	招式有效距离增加3尺。	0	140		
2110	1	2	14084	7970	《影・杯水留影》注解残页	施展招式消耗降低5%。	0	45		
2111	1	2	14084	7970	《影・杯水留影》注解断篇	施展招式消耗降低10%。	0	85		
2112	1	8	14084	7976	《影・杯水留影》人偶图残页	目标复活后受到的所有伤害降低30%，持续5秒。	0	295		
2113	1	1	14076	7969	《气・青霄飞羽》穴位图残页	调息时间减少2秒。	0	295		
2114	1	1	14076	7969	《气・青霄飞羽》穴位图断篇	调息时间减少3秒。	0	395		
2115	1	2	14076	7970	《气・青霄飞羽》注解残页	施展招式消耗降低10%。	0	85		
2116	1	2	14076	7970	《气・青霄飞羽》注解断篇	施展招式消耗降低15%。	0	140		
2117	1	8	14076	7976	《气・青霄飞羽》人偶图残页	效果期间自身受到的伤害降低30%。	0	395		
2118	1	8	14076	7976	《气・青霄飞羽》人偶图断篇	“音”套路下技能施展距离提高5尺。	0	210		
2119	1	8	14076	7976	《气・青霄飞羽》人偶图绝章	浮空持续时间增加2秒。	0	295		
2128	1	3	14302	7971	《音・宫》经脉图残页	运功时间减少0.125秒。	0	395	0	
2129	1	3	14302	7971	《音・宫》经脉图断篇	运功时间减少0.125秒。	0	395	0	
2130	1	9	14302	7977	《音・宫》真传残页	招式有效距离增加2尺。	0	45	0	
2131	1	6	14302	7974	《音・宫》参悟残页	伤害提高3%。	0	140	0	
2132	1	6	14302	7974	《音・宫》参悟断篇	伤害提高4%。	0	210	0	
2133	1	5	14302	7973	《音・宫》秘诀残页	会心提高2%。	0	85	0	
2134	1	5	14302	7973	《音・宫》秘诀断篇	会心提高3%。	0	140	0	
2135	1	5	14302	7973	《音・宫》秘诀绝章	会心提高4%。	0	210	0	
2184	1	3	14303	7971	《音・宫》经脉图残页	运功时间减少0.125秒。	0	395	0	
2185	1	3	14303	7971	《音・宫》经脉图断篇	运功时间减少0.125秒。	0	395	0	
2186	1	9	14303	7977	《音・宫》真传残页	招式有效距离增加2尺。	0	45	0	
2187	1	8	14303	7976	《音・宫》人偶图残页	疗伤成效提高3%。	0	140	0	
2188	1	8	14303	7976	《音・宫》人偶图断篇	疗伤成效提高4%。	0	210	0	
2189	1	5	14303	7973	《音・宫》秘诀残页	会心提高2%。	0	85	0	
2190	1	5	14303	7973	《音・宫》秘诀断篇	会心提高3%。	0	140	0	
2191	1	5	14303	7973	《音・宫》秘诀绝章	会心提高4%。	0	210	0	
2270	1	8	14664	1875	《太素九针・彼针》人偶图残页	疗伤成效提高3%。	0	480		
2271	1	8	14664	1875	《太素九针・彼针》人偶图断篇	疗伤成效提高4%。	0	540		
2272	1	8	14664	1875	《太素九针・彼针》人偶图绝章	疗伤成效提高5%。	0	580		
2273	1	1	14664	1868	《太素九针・彼针》穴位图残页	调息时间减少1秒。	0	740		
2274	1	1	14664	1868	《太素九针・彼针》穴位图断篇	调息时间减少1秒。	0	740		
2275	1	12	14664	1876	《太素九针・彼针》真传残页	招式的有效范围增加1尺。	0	690		
2276	1	12	14664	1876	《太素九针・彼针》真传断篇	招式的有效范围增加1尺。	0	740		
2277	1	2	14664	1869	《太素九针・彼针》注解残页	施展招式的消耗降低10%。	0	320		
2374	1	5	15053	2560	《秀水剑法・九溪弥烟》秘诀残页	会心提高2%。	0	155	0	
2375	1	5	15053	2560	《秀水剑法・九溪弥烟》秘诀断篇	会心提高3%。	0	135	0	
2376	1	6	15053	2561	《秀水剑法・九溪弥烟》参悟残页	伤害提高3%。	0	130	0	
2377	1	6	15053	2561	《秀水剑法・九溪弥烟》参悟断篇	伤害提高4%。	0	140	0	
2378	1	6	15053	2561	《秀水剑法・九溪弥烟》参悟绝章	伤害提高5%。	0	190	0	
2379	1	9	15053	2564	《秀水剑法・九溪弥烟》真传残页	招式的有效范围增加1尺。	0	155	0	
2380	1	9	15053	2564	《秀水剑法・九溪弥烟》真传断篇	招式的有效范围增加1尺。	0	285	0	
2418	1	8	573	1842	《剑器浑脱・满堂势》人偶图绝章	获得5层满堂效果，每层使会心几率提高10%，持续20秒，施展任何伤害或疗伤招式都消耗一层。	0	390	1	
4099	1	1	3118	3154	《天魔无相・鸟翔碧空》穴位图残页	调息时间减少1秒。	0	35	1	
4100	1	1	3118	3154	《天魔无相・鸟翔碧空》穴位图断篇	调息时间减少2秒。	0	70	1	
4101	1	1	3118	3154	《天魔无相・鸟翔碧空》穴位图绝章	调息时间减少2秒。	0	70	1	
4102	1	8	3118	3161	《天魔无相・鸟翔碧空》人偶图残页	闪避提高5%。	0	205	1	
4103	1	8	3118	3161	《天魔无相・鸟翔碧空》人偶图断篇	闪避提高5%。	0	205	1	
4104	1	3	15132	2718	《补天心经・迷仙引梦》经脉图残页	运功时间减少0.125秒。	0	135	1	
4105	1	3	15132	2718	《补天心经・迷仙引梦》经脉图断篇	运功时间减少0.125秒。	0	135	1	
4106	1	3	15132	2718	《补天心经・迷仙引梦》经脉图绝章	运功时间减少0.25秒。	0	180	1	
4107	1	5	15132	7973	《补天心经・迷仙引梦》秘诀残页	会心提高2%。	0	60	1	
4108	1	5	15132	7973	《补天心经・迷仙引梦》秘诀断篇	会心提高3%。	0	60	1	
4109	1	8	15132	2723	《补天心经・迷仙引梦》真髓图残页	治疗目标低于5个，提高50%治疗效果	0	275	1	
4115	1	0	0	0	测试	测试	0	-1	1	0
4124	1	5	16598	8561	《殷雷腿・雷走风切》秘诀残页	会心提高2%。	0	150	1	0
4125	1	5	16598	8561	《殷雷腿・雷走风切》秘诀断篇	会心提高3%。	0	200	1	0
4126	1	5	16598	8561	《殷雷腿・雷走风切》秘诀绝章	会心提高4%。	0	250	1	0
4127	1	6	16598	8560	《殷雷腿・雷走风切》参悟残页	伤害提高3%。	0	150	1	0
4128	1	6	16598	8560	《殷雷腿・雷走风切》参悟断篇	伤害提高4%。	0	200	1	0
4129	1	6	16598	8560	《殷雷腿・雷走风切》参悟绝章	伤害提高5%。	0	250	1	0
4130	1	8	16598	8559	《殷雷腿・雷走风切》人偶图残页	解除目标混元、阴性、阳性、毒性增益气劲各一个。	0	450		0
4131	1	8	16598	8559	《殷雷腿・雷走风切》人偶图断篇	自身移动速度提高10%，持续3秒。	0	450		0
4132	1	5	16629	8561	《殷雷腿・雷走风切》秘诀残页	会心提高2%。	0	150	0	0
4133	1	5	16629	8561	《殷雷腿・雷走风切》秘诀断篇	会心提高3%。	0	200	0	0
4134	1	5	16629	8561	《殷雷腿・雷走风切》秘诀绝章	会心提高4%。	0	250	0	0
4135	1	6	16629	8560	《殷雷腿・雷走风切》参悟残页	伤害提高3%。	0	150	0	0
4136	1	6	16629	8560	《殷雷腿・雷走风切》参悟断篇	伤害提高4%。	0	200	0	0
4137	1	6	16629	8560	《殷雷腿・雷走风切》参悟绝章	伤害提高5%。	0	250	0	0
4138	1	8	16629	8559	《殷雷腿・雷走风切》人偶图残页	解除目标混元、阴性、阳性、毒性增益气劲各一个。	0	450	0	0
4139	1	8	16629	8559	《殷雷腿・雷走风切》人偶图断篇	自身移动速度提高10%，持续3秒。	0	450	0	0
4140	1	5	16601	8561	《秀明尘身・项王击鼎》秘诀残页	会心提高2%。	0	150		0
4141	1	5	16601	8561	《秀明尘身・项王击鼎》秘诀断篇	会心提高3%。	0	200		0
4142	1	5	16601	8561	《秀明尘身・项王击鼎》秘诀绝章	会心提高4%。	0	250	1	0
4143	1	6	16601	8560	《秀明尘身・项王击鼎》参悟残页	伤害提高3%。	0	150	1	0
4144	1	6	16601	8560	《秀明尘身・项王击鼎》参悟断篇	伤害提高4%。	0	200	1	0
4145	1	6	16601	8560	《秀明尘身・项王击鼎》参悟绝章	伤害提高5%。	0	250	1	0
4146	1	8	16601	8559	《秀明尘身・项王击鼎》人偶图残页	被旋转攻击命中的目标移动速度降低50%，持续1秒。	0	450	1	0
4147	1	8	16601	8559	《秀明尘身・项王击鼎》人偶图断篇	施展每段招式有30%几率回复5点狂意。	0	450	1	0
4148	1	5	16602	8561	《秀明尘身・破釜沉舟》秘诀残页	会心提高2%。	0	150		0
4149	1	5	16602	8561	《秀明尘身・破釜沉舟》秘诀断篇	会心提高3%。	0	200		0
4150	1	5	16602	8561	《秀明尘身・破釜沉舟》秘诀绝章	会心提高4%。	0	250		0
4151	1	6	16602	8560	《秀明尘身・破釜沉舟》参悟残页	伤害提高3%。	0	150		0
4152	1	6	16602	8560	《秀明尘身・破釜沉舟》参悟断篇	伤害提高4%。	0	200		0
4153	1	6	16602	8560	《秀明尘身・破釜沉舟》参悟绝章	伤害提高5%。	0	250		0
4154	1	8	16602	8559	《秀明尘身・破釜沉舟》人偶图残页	每命中一个目标使自身受到伤害降低10%，可叠加5层，持续5秒。	0	450		0
4155	1	12	16602	8558	《秀明尘身・破釜沉舟》真传残页	招式有效距离增加2尺。	0	450		0
4156	1	5	16304	8561	《松烟竹雾・碎江天》秘诀残页	会心提高2%。	0	150		0
4157	1	5	16304	8561	《松烟竹雾・碎江天》秘诀断篇	会心提高3%。	0	200		0
4158	1	5	16304	8561	《松烟竹雾・碎江天》秘诀绝章	会心提高4%。	0	250		0
4159	1	6	16304	8560	《松烟竹雾・碎江天》参悟残页	伤害提高3%。	0	150		0
4160	1	6	16304	8560	《松烟竹雾・碎江天》参悟断篇	伤害提高4%。	0	200	1	0
4161	1	6	16304	8560	《松烟竹雾・碎江天》参悟绝章	伤害提高5%。	0	250	1	0
4162	1	8	16304	8559	《松烟竹雾・碎江天》人偶图残页	受到技能会心攻击后有5%几率立刻获得一次反击效果。	0	450	1	0
4163	1	8	16304	8559	《松烟竹雾・碎江天》人偶图断篇	造成伤害的10%转化为自身气血。	0	450	1	0
4164	1	5	16027	8561	《雪絮金屏・刀啸风吟》秘诀残页	会心提高2%。	0	150	1	0
4165	1	5	16027	8561	《雪絮金屏・刀啸风吟》秘诀断篇	会心提高3%。	0	200	1	0
4166	1	5	16027	8561	《雪絮金屏・刀啸风吟》秘诀绝章	会心提高4%。	0	250	1	0
4167	1	6	16027	8560	《雪絮金屏・刀啸风吟》参悟断篇	伤害提高4%。	0	150		0
4168	1	6	16027	8560	《雪絮金屏・刀啸风吟》参悟绝章	伤害提高5%。	0	200		0
4169	1	8	16027	8559	《雪絮金屏・刀啸风吟》人偶图残页	招式命中目标有30%几率回复5点气劲。	0	450		0
4170	1	3	1	8562	《雪絮金屏・刀啸风吟》经脉图断篇	运功时间减少0.125秒。	0	450		0
4171	1	9	16027	8558	《雪絮金屏・刀啸风吟》真传残页	招式有效距离增加2尺。	0	450		0
4172	1	5	16085	8561	《雪絮金屏・醉斩白蛇》秘诀残页	会心提高2%。	0	150		0
4173	1	5	16085	8561	《雪絮金屏・醉斩白蛇》秘诀断篇	会心提高3%。	0	200		0
4174	1	5	16085	8561	《雪絮金屏・醉斩白蛇》秘诀绝章	会心提高4%。	0	250		0
4175	1	6	16085	8560	《雪絮金屏・醉斩白蛇》参悟残页	伤害提高3%。	0	150		0
4176	1	6	16085	8560	《雪絮金屏・醉斩白蛇》参悟断篇	伤害提高4%。	0	200		0
4177	1	6	16085	8560	《雪絮金屏・醉斩白蛇》参悟绝章	伤害提高5%。	0	250		0
4178	1	8	16085	8559	《雪絮金屏・醉斩白蛇》人偶图残页	效果期间自身移动速度提高20%。	0	450	1	0
4179	1	9	16085	8558	《雪絮金屏・醉斩白蛇》真传残页	招式有效距离增加2尺。	0	450	1	0
4180	1	5	16870	8561	《松烟竹雾・擒龙六斩》秘诀残页	会心提高2%。	0	150	1	0
4181	1	5	16870	8561	《松烟竹雾・擒龙六斩》秘诀断篇	会心提高3%。	0	200	1	0
4182	1	5	16870	8561	《松烟竹雾・擒龙六斩》秘诀绝章	会心提高4%。	0	250	1	0
4183	1	6	16870	8560	《松烟竹雾・擒龙六斩》参悟残页	伤害提高3%。	0	150	1	0
4184	1	6	16870	8560	《松烟竹雾・擒龙六斩》参悟断篇	伤害提高4%。	0	200		0
4185	1	6	16870	8560	《松烟竹雾・擒龙六斩》参悟绝章	伤害提高5%。	0	250		0
4186	1	8	16870	8559	《松烟竹雾・擒龙六斩》人偶图残页	施展后获得10点狂意。	0	450		0
4187	1	8	16870	8559	《松烟竹雾・擒龙六斩》人偶图断篇	施展后获得10点气劲。	0	450		0
4188	1	6	1	1862	《大辟易刀诀・碎江天》参悟断篇	伤害提高4%。	0	155	0	0
4189	1	6	1	1862	《大辟易刀诀・碎江天》参悟绝章	伤害提高5%。	0	155	0	0
4190	1	5	1	1891	《大辟易刀诀・碎江天》秘诀残页	会心提高2%。	0	155	0	0
4191	1	5	1	1861	《大辟易刀诀・碎江天》秘诀断篇	会心提高3%	0	155	0	0
4192	1	5	1	1861	《大辟易刀诀・碎江天》秘诀绝章	会心提高4%。	0	155	0	0
4193	1	6	1	1862	《大辟易刀诀・碎江天》参悟残页	伤害提高3%。	0	155	0	0
4194	1	6	1	1862	《大辟易刀诀・碎江天》参悟断篇	伤害提高4%。	0	155	0	0
4195	1	2	1	1862	《大辟易刀诀・碎江天》参悟绝章	伤害提高5%。	0	155	0	0
4196	1	14	1	6357	《大辟易刀诀・碎江天》注解残页	施展招式的刀魂消耗降低5点。	0	20	1	0
4197	1	14	1	6357	《大辟易刀诀・碎江天》注解断篇	施展招式的狂意消耗降低5点。	0	20	1	0
4198	1	14	1	6357	《大辟易刀诀・碎江天》注解残页	施展招式的刀魂消耗降低5点。	0	10	0	0
4199	1	14	1	6357	《大辟易刀诀・碎江天》注解断篇	施展招式的狂意消耗降低5点。	0	10	0	0
4200	1	14	1	6357	《大辟易刀诀・碎江天》注解残页	施展招式的刀魂消耗降低5点。		10	0	0
4201	1	14	1	6357	《大辟易刀诀・碎江天》注解断篇	施展招式的狂意消耗降低5点。	0	10	0	0
4202	1	10	1	1877	《大辟易刀诀・沉秋风》手抄残页	招式效果持续时间增加3秒。	0	10	1	0
4203	1	10	1	1877	《大辟易刀诀・沉秋风》手抄残页	招式效果持续时间增加3秒。	0	10	0	0
4204	1	10	1	1877	《大辟易刀诀・沉秋风》手抄残页	招式效果持续时间增加3秒。	0	10	0	0
4205	1	8	1	6363	《大辟易刀诀・崩雪潮》人偶图残页	额外回复5点刀魂值。	0	10	1	0
4206	1	8	1	6363	《大辟易刀诀・绝沧海》人偶图残页	额外回复5点狂意值。	0	10	1	0
4207	1	3	1	1826	《大辟易刀诀・崩雪潮》经脉图残页	运功时间减少0.25秒。	0	20	1	
4208	1	3	1	1826	《大辟易刀诀・绝沧海》经脉图残页	运功时间减少0.25秒。	0	20	1	0

 -- by 每天涨停@梦江南 $ Jx3UnPack-PAKV3 jx3.mail@gmail.com