ID	PackageID	BulletScreen
1	0	
2		
3		
4		
5		
6		
7		
8		
9		
10		
11		
12		
13		
14		
15		
16		
17		
18		
19		
20		
21		
22		
23		
24		
25		
26		
27		
28		
29		
30		
31		
32		
33		
34		
35		
36		
37		
38		
39		
40		
41		
42		
43		
44		
45		
46		
47		
48		
49		
50		
51		
52		
53		
54		
55		
56		
57		
58		
59		
60		
61		
62		
63		
64		
65		
66		
67		
68		
69		
70		
71		
72		
73		
74		
75		
76		
77		
78		
79		
80		
81		
82		
83		
84		
85		
86		
87		
88		
89		
90		
91		
92		
93		
94		
95	1	
96	1	
97	1	
98	1	
99	1	
100	1	
101	1	
102	1	
103	1	
104	1	
105	1	
106	1	
107	1	
108	1	
109	1	
110	1	
111	1	
112	1	
113	2	
114	2	
115	2	
116	2	
117	2	
118	2	
119	2	
120	2	
121	2	
122	2	
123	2	
124	2	
125	2	
126	2	
127	2	
128	2	
129	2	
130	2	
131	2	
132	2	
133	2	
134	2	
135	2	
136	2	
137	2	
138	2	
139	2	
140	2	
141	2	
142	2	
143	2	
144	2	
145	2	
146	2	
147	2	
148	2	
149	2	
150	2	
151	2	
152	2	
153	2	
154	2	
155	3	
156	3	
157	3	
158	3	
159	3	
160	3	
161	3	
162	3	
163	3	
164	3	
165	3	
166	3	
167	3	
168	3	
169	3	
170	3	
171	3	
172	3	
173	3	
174	3	
175	3	
176	3	
177	3	
178	3	
179	3	
180	3	
181	3	
182	3	
183	3	
184	3	
185	3	
186	3	
187	3	
188	3	
189	3	
190	3	
191	3	
192	3	
193	3	
194	4	
195	4	
196	4	
197	4	
198	4	
199	4	
200	4	
201	4	
202	4	
203	4	
204	4	
205	4	
206	6	
207	6	
208	6	
209	6	
210	6	
211	6	
212	6	
213	6	
214	6	
215	6	
216	6	
217	6	
218	8	
219	8	
220	8	
221	8	
222	8	
223	8	
224	8	
225	8	
226	8	
227	8	
228	8	
229	8	
230	15	
231	15	
232	15	
233	15	
234	15	
235	15	
236	15	
237	15	
238	15	
239	15	
240	15	
241	15	
242	7	
243	7	
244	7	
245	7	
246	7	
247	7	
248	7	
249	7	
250	7	
251	7	
252	7	
253	7	
254	5	
255	5	
256	5	
257	5	
258	5	
259	5	
260	5	
261	5	
262	5	
263	5	
264	5	
265	5	
266	12	
267	12	
268	12	
269	12	
270	12	
271	12	
272	12	
273	12	
274	12	
275	12	
276	12	
277	12	
278	10	
279	10	
280	10	
281	10	
282	10	
283	10	
284	10	
285	10	
286	10	
287	10	
288	10	
289	10	
290	9	
291	9	
292	9	
293	9	
294	9	
295	9	
296	9	
297	9	
298	9	
299	9	
300	9	
301	9	
302	11	
303	11	
304	11	
305	11	
306	11	
307	11	
308	11	
309	11	
310	11	
311	11	
312	11	
313	11	
314	14	
315	14	
316	14	
317	14	
318	14	
319	14	
320	14	
321	14	
322	14	
323	14	
324	14	
325	14	
326	13	
327	13	
328	13	
329	13	
330	13	
331	13	
332	13	
333	13	
334	13	
335	13	
336	13	
337	13	
338	16	
339	16	
340	16	
341	16	
342	16	
343	16	
344	16	
345	16	
346	16	
347	16	
348	16	
349	16	
353	17	1
357	17	1
359	17	1
360	17	1
370	17	1
380	17	1
381	17	1
384	17	1
389	17	1
394	17	1

 -- by 每天涨停@梦江南 $ Jx3UnPack-PAKV3 jx3.mail@gmail.com