FromNodeID	ToNodeID	CostMoney	TrackID	ForceEndRoadTrack	Velocity	EnableBezier
1	2	100	1	1	48	0
3	4	1	2	0	48	0
7	8	415	3	1	48	0
5	6	2728	4	1	48	0
6	4	1	5	1	56	0
9	10	106	6	1	48	0
11	12	280	7	1	48	0
13	14	85	8	1	48	0
15	16	4894	9	1	48	0
15	17	2334	10	1	48	0
18	19	803	11	0	30	0
22	23	359	12	1	48	0
22	34	100	13	1	48	0
24	25	3924	14	1	48	0
25	23	100	15	1	60	0
26	27	2226	16	0	34	0
28	29	2694	17	0	30	0
30	595	2425	18	0	48	0
32	33	1502	19	0	34	0
16	25	100	20	1	60	0
37	35	2810	21	1	48	0
35	36	699	22	1	48	0
35	20	3064	23	1	48	0
39	36	1154	24	1	48	0
39	14	100	25	1	60	0
8	39	100	26	1	60	0
41	40	2093	27	1	48	0
43	41	368	28	1	48	0
12	43	100	29	1	60	0
43	10	100	30	1	60	0
41	44	1663	31	1	48	0
76	75	130	32	0	35	0
44	45	776	33	1	48	0
34	45	1	34	1	60	0
44	46	3749	35	1	48	0
17	46	1	36	1	60	0
47	48	2872	37	0	30	0
19	48	1	38	0	60	0
49	50	461	39	1	45	0
20	50	5	40	1	60	0
52	51	1030	41	1	48	0
40	52	1	42	1	60	0
1321	895	269	43	0	48	0
54	53	4658	44	1	48	0
4	54	1	45	1	56	0
55	56	1576	46	1	48	0
56	4	1	47	1	56	0
38	42	736	48	0	30	0
57	58	528	49	0	30	0
151	152	1	50	0	48	0
59	60	133	51	0	35	0
62	61	352	52	0	35	0
64	63	579	53	0	35	0
66	65	465	54	0	35	0
67	68	1	55	0	30	0
68	33	1	56	0	30	0
70	69	474	57	0	35	0
71	72	350	58	0	35	0
73	74	580	59	0	35	0
21	22	4226	60	1	48	0
10	12	30	61	1	48	0
111	652	1	62	0	48	0
78	77	2628	63	0	48	0
80	79	2967	64	0	48	0
81	82	2545	65	0	48	0
83	84	6922	66	1	48	0
86	85	1098	67	0	30	0
86	86	1	68	0	48	0
88	87	486	69	1	48	0
89	90	2349	70	0	48	0
92	91	1202	71	1	48	0
93	21	1393	72	1	48	0
94	93	190	73	1	48	0
95	93	100	74	1	48	0
94	92	1	75	1	60	0
97	96	6197	76	1	48	0
98	97	7387	77	1	48	0
95	98	1	78	1	60	0
100	99	2224	79	1	48	0
100	96	1	80	1	60	0
102	101	6591	81	1	48	0
104	101	9787	82	1	48	0
104	37	1	83	1	60	0
102	88	1	84	1	60	0
103	105	56	85	1	48	0
107	106	9785	86	0	30	0
641	428	4226	87	1	48	0
109	108	1405	88	1	48	0
103	109	1	89	1	60	0
111	110	770	90	1	48	0
111	94	1	91	1	48	0
47	85	2797	92	0	30	0
112	47	4782	93	0	30	0
114	113	1	94	0	48	0
116	115	9	95	1	48	0
118	117	7790	96	1	48	0
119	120	4009	97	1	48	0
87	119	7064	98	1	48	0
115	120	1	99	1	60	0
118	102	1	100	1	48	0
122	121	1	101	0	30	0
122	33	1	102	0	30	0
124	123	1	103	0	96	0
126	125	1	104	0	96	0
128	127	1	105	0	96	0
130	129	1	106	0	72	0
132	131	1	107	0	48	0
133	134	1	108	0	48	0
135	136	315	109	0	48	0
136	19	1	110	0	60	0
138	137	2084	111	1	48	0
140	139	3861	112	1	48	0
142	1349	2049	113	0	48	0
143	144	869	114	0	48	0
145	146	3718	115	0	30	0
147	148	1114	116	0	30	0
48	58	1	117	0	48	0
19	42	1	118	0	60	0
153	154	621	119	0	14	0
155	156	322	120	0	14	0
157	158	203	121	0	14	0
159	160	284	122	0	14	0
161	162	358	123	0	14	0
163	164	270	124	0	14	0
165	166	476	125	0	14	0
167	168	305	126	0	14	0
171	172	252	127	0	14	0
173	174	218	128	0	14	0
175	176	227	129	0	14	0
177	178	168	130	0	14	0
179	180	866	131	0	14	0
181	182	832	132	0	14	0
183	184	488	133	0	14	0
185	186	558	134	0	14	0
187	188	301	135	0	14	0
189	190	281	136	0	14	0
191	192	11528	137	1	48	0
193	194	8061	138	1	48	0
195	196	9738	139	1	48	0
197	198	9679	140	1	48	0
199	200	11421	141	1	48	0
202	201	5021	142	0	72	0
204	202	5040	143	0	72	0
205	202	3233	144	0	72	0
206	202	7337	145	0	72	0
207	202	11340	146	0	72	0
208	209	6503	147	0	72	0
211	210	17760	148	0	72	0
212	202	5607	149	0	72	0
214	213	2173	150	0	48	0
398	401	10005	151	0	48	0
219	217	5476	152	1	56	0
218	217	8332	153	1	56	0
400	228	6015	154	0	48	0
216	400	3560	155	0	48	0
215	220	2865	156	0	48	0
226	227	590	157	0	14	0
229	224	5610	158	0	48	0
220	400	5104	159	0	48	0
169	170	640	160	0	14	0
231	232	51	161	0	14	0
233	234	1061	162	0	14	0
235	236	1028	163	0	14	0
237	238	9117	164	0	48	0
239	240	8059	165	1	48	0
242	241	3098	166	0	36	0
245	246	1	167	0	14	0
247	248	1	168	0	14	0
249	250	1	169	0	14	0
244	243	1	170	0	14	0
251	252	1977	171	0	48	0
253	254	8648	172	0	48	0
255	256	1911	173	0	48	0
257	258	2103	174	0	4	0
260	259	94	175	0	14	0
261	262	52	176	0	54	0
263	264	60	177	0	14	0
266	265	116	178	0	7	0
268	267	138	179	0	14	0
270	269	120	180	0	14	0
272	271	147	181	0	14	0
274	273	137	182	0	14	0
276	275	1341	183	0	72	0
276	277	2261	184	0	36	0
278	277	1214	185	0	48	0
279	278	975	186	0	72	0
280	279	1048	187	0	48	0
281	282	219	188	0	14	0
283	284	549	189	0	14	0
285	286	382	190	0	14	0
287	288	388	191	0	14	0
289	290	143	192	0	14	0
291	292	212	193	0	14	0
293	294	133	194	0	14	0
295	296	212	195	0	14	0
297	298	98	196	0	14	0
299	300	320	197	0	14	0
301	302	101	198	0	48	0
304	303	1806	199	0	48	0
305	306	3784	200	0	48	0
307	308	4115	201	0	48	0
310	309	4968	202	0	48	0
311	312	6973	203	0	48	0
313	314	2578	204	0	48	0
315	316	6458	205	0	48	0
318	317	5406	206	0	48	0
319	320	3013	207	0	48	0
322	321	171	208	0	14	0
323	324	5488	209	0	48	0
325	304	1419	210	0	48	0
326	327	476	211	0	48	0
329	328	1927	212	0	48	0
1221	440	58	213	1	48	353384080
332	333	7148	214	0	48	0
330	1232	2373	215	1	45	0
337	338	5499	216	1	48	0
339	1235	913	217	1	48	0
340	341	4249	218	0	48	0
342	343	2445	219	1	48	0
342	344	11961	220	1	48	0
345	346	844	221	1	48	0
347	348	1106	222	0	48	0
348	350	1140	223	0	48	0
351	352	6403	224	1	48	0
353	354	3481	225	1	48	0
355	356	12880	226	1	48	0
358	357	2497	227	0	48	0
359	360	20627	228	0	48	0
361	362	992	229	0	48	0
363	364	3192	230	0	48	0
365	366	15395	231	0	48	0
367	368	10103	232	0	24	0
329	369	5117	233	0	48	0
370	371	1569	234	0	4	0
222	220	3295	235	0	48	0
374	375	1606	236	0	14	0
376	377	4139	237	0	48	0
378	379	575	238	0	48	0
380	381	2999	239	0	48	0
382	383	824	240	0	48	0
384	385	10236	241	0	48	0
387	386	913	242	0	48	0
388	389	650	243	0	48	0
390	391	12315	244	0	48	0
387	392	18	245	0	48	0
393	387	4	246	0	48	0
394	387	14	247	0	48	0
395	387	18	248	0	48	0
396	397	1	249	0	48	0
402	403	15	250	0	48	0
400	401	3117	251	0	48	0
372	373	78	252	0	48	0
404	405	2745	253	0	4	0
223	221	10868	254	0	48	0
399	230	15155	255	0	48	0
410	409	5813	256	0	48	0
400	406	4802	257	0	48	0
407	408	1	258	0	48	0
412	411	10969	259	0	48	0
414	413	15627	260	0	48	0
315	415	2343	261	0	48	0
416	415	6823	262	0	48	0
417	416	4030	263	0	48	0
418	417	4806	264	0	48	0
419	316	2840	265	0	48	0
420	421	1	266	0	48	242961000
334	80	1781	267	0	48	0
423	303	1647	268	0	48	0
424	425	1	269	0	48	0
426	427	1	270	0	48	0
108	641	6215	271	1	48	0
99	429	16784	272	1	48	0
432	431	1600	273	1	48	0
432	430	13561	274	1	48	0
433	435	1101	275	1	48	0
435	434	20965	276	1	48	0
345	436	4023	277	1	48	0
440	1242	3517	278	1	48	0
1225	1227	1	279	0	48	158911032
1228	1229	1	280	0	48	0
430	218	1	281	1	60	0
343	429	1	282	1	60	0
965	1416	1	283	0	48	0
433	436	1	284	1	60	0
434	343	1	285	1	60	0
219	346	1	286	1	60	0
439	346	1	287	1	60	0
437	344	1	288	1	60	0
438	431	1	289	1	60	0
441	442	4759	290	0	48	0
443	444	6968	291	0	48	0
445	306	2605	292	0	48	0
447	446	3453	293	0	48	0
449	450	1	294	0	20	0
450	453	1	295	0	22	0
453	451	1	296	0	26	0
451	452	1	297	0	3	0
452	454	1	298	0	32	0
454	455	1	299	0	34	0
455	456	1	300	0	35	0
456	457	1	301	0	34	0
457	458	1	302	0	33	0
458	459	1	303	0	20	0
459	460	1	304	0	28	0
460	461	1	305	0	8	0
461	462	1	306	0	72	0
462	463	1	307	0	26	0
463	464	1	308	0	72	0
464	465	1	309	0	72	0
465	466	1	310	0	24	0
466	467	1	311	0	12	0
467	468	1	312	0	4	0
468	469	1	313	0	40	0
469	470	1	314	0	41	0
470	471	1	315	0	22	0
471	472	1	316	0	60	0
472	473	1	317	0	28	0
473	474	1	318	0	50	0
474	475	1	319	0	35	0
475	476	1	320	0	35	0
476	477	1	321	0	60	0
477	478	1	322	0	36	0
478	479	1	323	0	30	0
479	480	1	324	0	46	0
480	481	1	325	0	60	0
481	482	1	326	0	18	0
482	483	1	327	0	72	0
483	484	1	328	0	32	0
484	485	1	329	0	28	0
485	486	1	330	0	48	0
486	487	1	331	0	43	0
487	488	1	332	0	55	0
488	489	1	333	0	44	0
489	490	1	334	0	30	0
490	491	1	335	0	22	0
491	492	1	336	0	72	0
492	493	1	337	0	26	0
493	494	1	338	0	72	0
494	495	1	339	0	48	0
496	497	196	340	0	50	0
497	498	61	341	0	22	0
498	499	208	342	0	40	0
499	507	15	343	0	4	0
500	501	159	344	0	22	0
501	502	70	345	0	33	0
502	503	181	346	0	22	0
503	504	428	347	0	48	0
504	509	136	348	0	22	0
506	496	4	349	0	1	0
507	508	118	350	0	33	0
508	500	89	351	0	38	0
509	505	144	352	0	40	0
510	511	65	353	0	22	0
511	514	136	354	0	30	0
513	515	25	355	0	16	0
514	512	94	356	0	22	0
515	512	192	357	0	30	0
516	517	1425	358	1	48	0
516	518	4691	359	1	48	0
517	439	1	360	0	60	0
520	519	2805	361	0	48	0
522	521	1533	362	0	48	0
523	528	410	363	0	48	0
524	525	1201	364	0	48	0
522	519	3141	365	0	48	0
525	527	1450	366	0	48	0
526	525	360	367	0	48	0
528	522	921	368	0	48	0
528	527	165	369	0	48	0
519	529	2052	370	0	48	0
530	531	944	371	0	48	0
533	534	1327	372	0	48	0
534	532	690	373	0	48	0
534	535	943	374	0	48	0
536	533	1860	375	0	48	0
537	538	1372	376	0	48	0
539	540	2795	377	0	48	0
542	541	2635	378	0	48	0
543	544	1	379	0	12	0
544	545	1	380	0	22	0
545	546	1	381	0	48	0
547	548	1	382	0	48	0
549	550	1	383	0	14	0
551	553	3598	384	0	48	0
552	553	2540	385	0	48	0
556	553	447	386	0	48	0
554	553	2761	387	0	48	0
555	553	2828	388	0	48	0
558	557	4605	389	0	58	0
559	560	3532	390	0	48	0
560	561	1478	391	0	48	0
561	562	1730	392	0	48	0
560	563	1488	393	0	48	0
563	564	844	394	0	48	0
563	565	1011	395	0	48	0
566	567	788	396	0	48	0
569	568	1726	397	0	48	0
566	1348	1312	398	0	48	0
570	571	2254	399	0	48	0
570	572	1752	400	0	48	0
570	573	2262	401	0	48	0
574	568	1910	402	0	48	0
574	575	1102	403	0	48	0
577	575	1601	404	0	48	0
578	573	4147	405	0	48	0
574	579	1534	406	0	48	0
566	580	1912	407	0	48	0
580	581	1803	408	0	48	0
581	582	1347	409	0	48	0
581	583	1161	410	0	48	0
584	581	1184	411	0	48	0
585	586	882	412	0	48	0
576	587	1406	413	0	48	0
587	588	1291	414	0	48	0
588	589	1002	415	0	48	0
589	590	2694	416	0	48	0
590	591	1799	417	0	48	0
593	594	1984	418	0	48	0
592	591	1837	419	0	48	0
26	31	2901	420	0	48	0
595	596	525	421	0	48	0
596	597	1475	422	0	48	0
597	598	735	423	0	48	0
30	598	1366	424	0	48	0
599	600	1334	425	0	48	0
600	601	604	426	0	48	0
601	602	1054	427	0	48	0
602	141	974	428	0	48	0
142	603	678	429	0	48	0
603	605	135	430	0	48	0
605	606	98	431	0	42	0
606	607	100	432	0	48	0
607	608	210	433	0	58	0
608	621	352	434	0	72	0
609	610	216	435	0	82	0
610	612	205	436	0	52	0
623	21	3589	437	0	48	0
612	613	51	438	0	38	0
613	614	275	439	0	76	0
614	604	68	440	0	58	0
615	31	2564	441	0	48	0
30	597	1763	442	0	48	0
595	597	1312	443	0	48	0
616	617	1735	444	0	48	0
617	618	1009	445	0	48	0
617	619	924	446	0	48	0
617	620	1104	447	0	48	0
595	598	1867	448	0	48	0
621	609	236	449	0	62	0
21	1210	4037	450	0	48	0
611	1208	3689	451	0	48	0
624	642	8839	452	0	48	0
629	1281	1477	453	0	48	0
628	627	4753	454	0	48	0
625	627	8975	455	0	48	0
626	627	1812	456	0	48	0
633	666	7245	457	0	48	0
633	1201	3706	458	0	48	0
1197	631	2299	459	0	48	0
634	640	4521	460	0	48	0
635	640	1681	461	0	48	0
640	636	806	462	0	48	0
635	1189	1637	463	0	48	0
639	637	1583	464	0	48	0
639	638	4027	465	0	48	0
91	641	10336	466	1	48	0
643	644	1	467	0	48	0
645	646	1	468	0	48	0
647	648	12336	469	0	72	0
648	649	2636	470	0	72	0
648	650	10072	471	0	72	0
651	652	6631	472	1	48	0
651	653	9491	473	1	48	0
647	654	12913	474	0	72	0
655	656	278	475	0	48	0
657	658	578	476	0	48	0
659	660	597	477	0	48	0
654	662	9848	478	0	48	0
661	664	1	479	0	48	0
663	654	6920	480	0	72	0
665	1317	4869	481	0	48	0
666	632	6385	482	0	48	0
596	667	728	483	0	48	0
668	553	1756	484	0	48	0
669	47	6413	485	0	48	0
428	1416	1	486	0	48	0
670	671	1	487	0	48	0
672	673	1	488	0	48	0
678	102	1	489	0	48	0
677	679	1194	490	0	48	0
681	678	521	491	1	48	0
679	696	2799	492	0	48	0
706	768	174	493	0	52	0
674	769	45	494	0	32	0
676	700	58	495	0	18	0
685	764	93	496	0	32	0
772	771	19	497	0	60	0
687	705	161	498	0	48	0
707	706	36	499	0	32	0
773	774	1	500	0	14	0
690	692	3477	501	0	20	0
689	691	468	502	0	48	0
693	680	407	503	0	48	0
696	693	482	504	0	48	0
693	694	2090	505	0	48	0
714	715	2510	506	0	36	0
696	698	2053	507	0	48	0
698	697	1249	508	0	48	0
700	701	52	509	0	21	0
701	702	162	510	0	24	0
702	703	428	511	0	32	0
703	688	154	512	0	26	0
684	765	19	513	0	28	0
688	682	30	514	0	48	0
704	767	30	515	0	32	0
775	776	207	516	0	90	0
777	778	430	517	0	90	0
698	709	2499	518	0	48	0
710	713	2547	519	0	36	0
695	699	3012	520	0	48	0
712	711	2485	521	0	40	0
717	716	2304	522	0	48	0
719	720	699	523	0	48	0
721	718	1509	524	0	48	0
723	722	639	525	0	48	0
724	725	997	526	0	48	0
726	694	3209	527	0	48	0
727	741	127	528	0	40	0
728	753	28	529	0	40	0
729	730	44	530	0	28	0
730	731	139	531	0	22	0
731	743	82	532	0	36	0
733	748	46	533	0	40	0
734	749	38	534	0	40	0
732	750	42	535	0	40	0
735	736	33	536	0	24	0
736	745	169	537	0	40	0
737	754	53	538	0	40	0
738	739	103	539	0	48	0
739	740	81	540	0	28	0
744	747	39	541	0	32	0
747	729	91	542	0	48	0
748	742	117	543	0	48	0
749	746	161	544	0	48	0
750	735	122	545	0	48	0
751	752	67	546	0	32	0
752	738	178	547	0	48	0
753	744	131	548	0	48	0
754	751	177	549	0	36	0
755	756	34	550	0	32	0
756	757	341	551	0	48	0
758	761	54	552	0	32	0
761	760	1018	553	0	100	0
760	759	39	554	0	40	0
762	763	26	555	0	32	0
763	759	84	556	0	32	0
764	683	29	557	0	32	0
765	766	55	558	0	36	0
766	686	22	559	0	30	0
767	687	108	560	0	42	0
768	708	63	561	0	32	0
769	770	296	562	0	48	0
770	675	31	563	0	32	0
779	780	29	564	0	48	0
781	782	159	565	0	100	0
783	784	119	566	0	100	0
785	786	434	567	0	100	0
795	796	67	568	0	100	0
797	798	445	569	0	100	0
787	788	99	570	0	90	0
789	790	446	571	0	90	0
792	791	37	572	0	90	0
793	794	161	573	0	90	0
799	800	110	574	0	110	0
801	802	478	575	0	110	0
803	804	83	576	0	110	0
805	806	455	577	0	110	0
807	808	113	578	0	110	0
809	810	436	579	0	110	0
811	812	85	580	0	48	0
813	814	465	581	0	48	0
815	816	121	582	0	60	0
817	818	2030	583	0	120	0
821	820	714	584	0	95	0
823	822	3625	585	0	48	0
825	824	140	586	0	26	0
827	826	196	587	0	48	0
828	829	1	588	0	30	1
830	831	1	589	0	30	0
834	835	4186	590	0	48	0
837	838	1	591	0	48	1
836	839	211	592	0	48	0
840	841	191	593	0	48	0
847	846	104	594	0	26	1
842	843	218	595	0	48	0
844	845	210	596	0	48	0
849	848	16	597	0	48	0
850	851	2060	598	0	25	0
954	956	32	599	0	48	0
862	863	4225	600	0	25	0
856	857	1224	601	0	48	0
854	855	5212	602	0	32	0
858	859	5089	603	0	32	0
835	867	2702	604	0	48	0
866	923	5957	605	0	60	0
835	865	2057	606	0	48	0
835	864	1806	607	0	48	0
835	868	1182	608	0	48	0
870	874	163	609	0	42	0
872	871	329	610	0	26	0
874	875	104	611	0	26	0
875	876	170	612	0	42	0
876	877	65	613	0	24	0
877	878	144	614	0	26	0
878	879	142	615	0	24	0
879	880	104	616	0	32	0
880	881	67	617	0	24	0
881	882	149	618	0	38	0
882	883	69	619	0	24	0
883	884	106	620	0	38	0
884	885	43	621	0	24	0
885	886	227	622	0	38	0
886	887	80	623	0	24	0
887	888	130	624	0	32	0
888	889	71	625	0	18	0
889	890	189	626	0	28	0
890	873	47	627	0	26	0
869	898	14875	628	1	60	0
915	917	3412	629	0	60	1
917	918	2561	630	0	60	1
918	919	928	631	0	60	1
919	920	1054	632	0	60	1
896	437	1	633	0	48	0
926	920	3713	634	0	60	0
923	922	5798	635	0	60	0
924	923	2924	636	0	60	0
925	924	4480	637	0	60	0
926	925	3182	638	0	60	0
1209	1321	4006	639	0	48	0
894	898	1131	640	1	50	0
896	898	2119	641	1	50	0
893	891	2778	642	1	55	0
895	49	935	643	1	48	0
893	869	1	644	0	48	0
897	14	1	645	0	48	0
96	652	1	646	0	48	0
899	1318	3175	647	1	55	0
900	901	1874	648	1	60	0
1289	1290	1	649	0	48	0
893	104	1	650	0	48	0
899	8	1	651	0	48	0
914	921	58	652	0	48	394141768
902	901	310	653	1	60	0
905	901	1346	654	1	60	0
907	905	641	655	1	60	0
907	34	1	656	0	48	0
910	905	3829	657	1	60	0
910	10	1	658	0	48	0
921	916	157	659	0	48	0
910	17	1	660	0	48	0
927	928	342	661	0	48	0
927	899	1	662	0	48	0
1271	1270	477	663	0	48	0
931	1277	207	664	0	48	0
931	900	1	665	0	48	0
909	911	1	666	0	24	0
928	1271	469	667	0	40	0
1317	895	864	668	0	48	0
906	908	1	669	0	24	0
912	913	853	670	1	48	0
932	930	3514	671	0	4000	0
912	910	1	672	0	48	0
912	10	1	673	0	48	0
912	17	1	674	0	48	0
933	936	43	675	0	48	0
956	955	154	676	0	48	0
936	934	85	677	0	48	0
937	939	18	678	0	48	0
939	938	222	679	0	48	0
940	942	45	680	0	48	0
942	941	290	681	0	48	0
943	945	12	682	0	48	0
945	944	124	683	0	48	0
946	948	41	684	0	48	0
948	949	230	685	0	48	0
949	950	64	686	0	26	0
950	947	101	687	0	48	0
951	953	13	688	0	26	0
953	952	14	689	0	26	0
935	959	1	690	0	30	0
958	962	1	691	0	30	0
957	964	1	692	0	48	0
961	960	726	693	0	48	0
960	994	3066	694	0	48	0
963	967	1	695	0	48	0
966	975	1125	696	0	48	0
968	966	349	697	0	48	0
969	852	21	698	0	48	0
970	971	1	699	0	14	0
852	966	853	700	0	48	0
853	977	362	701	0	48	0
972	973	120	702	0	48	0
973	960	1035	703	0	48	0
974	973	2873	704	0	48	0
975	960	411	705	0	48	0
976	975	875	706	0	48	0
977	852	1586	707	0	48	0
978	977	3143	708	0	48	0
980	979	2091	709	0	48	0
981	987	1	710	0	48	272091144
982	983	1	711	0	48	0
1001	985	2533	712	0	48	1
986	988	1	713	0	48	0
989	990	1	714	0	14	0
991	992	1	715	0	48	0
1417	1418	100	716	0	48	0
994	965	181	717	0	48	0
993	994	279	718	0	48	0
996	995	147	719	0	48	0
997	998	3582	720	0	48	0
1000	999	1	721	0	48	0
1035	1036	1	722	0	48	0
984	1002	1	723	0	48	0
1044	1045	1	724	0	48	0
1046	1047	1	725	0	48	0
1003	1004	1	726	0	48	0
1005	1006	1	727	0	48	0
1007	1008	1	728	0	48	0
1009	1011	43	729	0	48	0
1011	1012	151	730	0	48	0
1012	1013	204	731	0	48	0
1013	1014	307	732	0	48	0
1014	1015	141	733	0	48	0
1015	1016	317	734	0	48	0
1016	1017	349	735	0	48	0
1017	1018	106	736	0	48	0
1018	1019	211	737	0	48	0
1019	1020	183	738	0	48	0
1020	1021	300	739	0	48	0
1021	1022	256	740	0	48	0
1022	1023	292	741	0	48	0
1023	1024	222	742	0	48	0
1024	1010	221	743	0	48	0
1025	1026	1	744	0	48	0
1027	1028	1	745	0	48	0
1029	1030	1	746	0	48	0
1031	1032	1	747	0	48	0
1033	1034	1	748	0	48	0
1037	1038	1	749	0	48	0
1039	1040	1	750	0	48	0
1041	1042	1	751	0	48	0
1043	1048	1	752	0	48	0
1049	1050	1	753	0	48	0
1051	1052	1	754	0	48	0
1053	1054	1	755	0	48	0
1091	1092	1	756	0	48	0
1093	1094	1	757	0	48	0
1055	1056	1	758	0	48	0
1067	1068	1	759	0	48	0
1057	1058	1	760	0	48	0
1059	1060	1	761	0	48	0
1061	1062	1	762	0	48	0
1063	1064	1	763	0	48	0
1065	1066	1	764	0	48	0
1069	1070	1	765	0	48	0
1071	1072	1	766	0	48	0
1073	1074	1	767	0	48	0
1085	1086	1	768	0	48	0
1075	1076	1	769	0	48	0
1077	1078	1	770	0	48	0
1079	1080	1	771	0	48	0
1081	1082	1	772	0	48	0
1083	1084	1	773	0	48	0
1087	1088	1	774	0	48	0
1089	1090	1	775	0	48	0
1095	1096	1	776	0	48	0
1097	1098	1	777	0	48	0
1099	1100	1	778	0	48	0
1101	1102	1	779	0	48	0
1105	1106	1	780	0	48	0
1107	1108	1	781	0	48	0
1109	1110	1	782	0	48	0
1103	1104	1490	783	0	48	0
1111	1112	1	784	0	48	0
1113	1114	1	785	0	48	0
1132	1131	1	786	0	48	0
1133	1134	783	787	0	48	1
1135	1134	1	788	0	48	0
1135	1136	1374	789	0	48	0
1137	1138	1586	790	0	48	0
1115	1116	1	791	0	48	0
1117	1118	1	792	0	48	0
1119	1120	1	793	0	48	0
1121	1122	1	794	0	48	0
1123	1124	1	795	0	48	0
1125	1126	1	796	0	48	0
1127	1128	1	797	0	48	0
1129	1130	1	798	0	48	0
1139	1140	1	799	0	48	0
1155	1156	1	800	0	48	0
1157	1158	1	801	0	48	0
1159	1160	1	802	0	48	0
1141	1142	1	803	0	48	0
1143	1144	1	804	0	48	0
1145	1146	1	805	0	48	0
1147	1148	1	806	0	48	0
1149	1150	1	807	0	48	0
1151	1152	1	808	0	48	0
1153	1154	1	809	0	48	0
1161	1162	1	810	0	48	0
1163	1164	1	811	0	48	0
1165	1166	1	812	0	48	0
1167	1168	1	813	0	48	0
1169	1170	1	814	0	48	0
1171	1172	1	815	0	48	0
1173	1174	1	816	0	48	0
1175	1176	1	817	0	48	0
1133	891	33	818	0	48	0
1177	1178	1	819	0	48	0
1179	1180	118	820	0	8	0
1181	1182	67	821	0	8	0
1183	1184	1	822	0	60	0
1185	1186	1	823	0	48	0
1187	1188	1	824	0	48	0
1190	636	1188	825	0	48	1
1189	639	2401	826	0	48	0
1192	1189	638	827	0	48	0
1191	77	3373	828	0	48	0
1193	77	2362	829	0	48	0
1194	77	2373	830	0	48	0
1195	77	3696	831	0	48	0
1197	630	1482	832	0	48	399510136
88	431	1	833	0	48	0
1197	1198	407	834	0	48	245413696
1196	77	3478	835	0	48	0
1200	553	1797	836	0	48	622126320
1201	631	4466	837	0	48	0
1202	1203	1	838	0	48	572240888
1204	1205	1	839	0	48	0
1320	1316	833	840	0	48	0
88	896	1	841	0	48	0
118	896	1	842	0	48	0
1209	665	1908	843	0	48	0
1207	892	1055	844	0	48	0
90	81	3726	845	0	48	356333488
1208	21	2689	846	0	48	0
1210	622	3111	847	0	48	0
1211	81	1044	848	0	48	0
1212	81	1354	849	0	48	0
1214	623	4437	850	0	48	0
1215	81	965	851	0	48	356333488
665	1320	589	852	0	48	0
1216	81	3311	853	0	48	0
558	107	1495	854	0	48	309271328
1217	30	2472	855	0	48	0
1218	558	10878	856	0	48	412328056
1206	1317	1346	857	0	48	0
1213	1320	2117	858	0	48	0
1219	558	2632	859	0	48	428698816
1220	558	4579	860	0	48	420512064
1199	1321	469	861	0	48	0
118	431	1	862	0	48	0
1222	1223	370	863	0	48	0
1219	1220	5836	864	0	48	418340936
1220	106	3247	865	0	48	0
1226	1222	194	866	0	48	0
106	1218	5417	867	0	48	1000
557	1219	5470	868	0	48	0
557	106	3728	869	0	48	0
557	1218	8234	870	0	48	0
1221	1232	3377	871	1	48	1
1230	1231	1	872	0	48	0
1233	1238	1438	873	1	48	0
1220	557	1234	874	0	48	0
929	1267	180	875	0	48	0
1237	1221	2788	876	1	48	1
1235	438	2436	877	1	48	1181306
338	437	3294	878	1	48	380633412
336	80	2335	879	0	48	0
1232	338	1260	880	1	48	380633412
422	80	4091	881	0	48	0
1237	1238	1105	882	1	48	1181306
1236	80	4441	883	0	48	0
1239	80	3031	884	0	48	0
1237	1235	5197	885	1	48	1181306
1240	1268	2086	886	0	48	0
1241	1264	777	887	0	48	0
1238	331	4695	888	1	45	1
1243	1244	298	889	0	48	0
1245	1260	190	890	0	48	0
335	1242	914	891	1	48	1181306
1243	1246	1059	892	0	48	0
1247	1245	296	893	0	48	0
1242	439	1409	894	1	48	1181306
1258	1260	1142	895	0	48	0
1251	1252	251	896	0	48	0
1253	1258	1156	897	0	48	0
1255	1245	1424	898	0	48	0
1264	1249	496	899	0	48	0
1250	1251	1699	900	0	48	0
1251	1254	968	901	0	48	0
1260	1248	777	902	0	48	0
1261	1273	261	903	0	48	0
1261	1250	841	904	0	48	1
1256	1261	84	905	0	48	1
1256	1259	1024	906	0	48	1
1243	1256	171	907	0	48	1
1262	1253	1438	908	0	48	0
1264	1258	2076	909	0	48	0
1263	1240	1761	910	0	48	1
1267	932	413	911	0	40	460262296
1234	303	1304	912	0	48	368902216
1278	1234	2351	913	0	48	0
1268	47	2659	914	0	48	0
1269	1268	2045	915	0	48	0
1271	930	466	916	0	40	6
1279	1286	3071	917	0	48	0
662	1282	5500	918	0	48	0
1277	929	1257	919	0	48	0
1243	1274	1786	920	0	48	0
1273	1257	605	921	0	48	0
1273	1276	35	922	0	48	0
1275	1277	28	923	0	48	0
1281	1286	1202	924	0	48	0
1265	1267	51	925	0	48	0
1281	1280	1668	926	0	48	0
1282	1283	6210	927	0	48	0
1267	1266	1022	928	0	48	0
1284	835	2194	929	0	48	0
1285	835	2057	930	0	48	0
930	1272	721	931	0	48	0
1288	1287	3168	932	0	60	0
1286	627	1666	933	0	48	0
1291	1292	1	934	0	48	0
1295	1302	0	935	0	48	0
1297	1303	1	936	0	48	0
1299	1306	1	937	0	48	0
1302	1296	0	938	0	48	0
1303	1298	1	939	0	48	0
1305	1307	1	940	1	48	0
1307	1301	1	941	1	48	0
1301	1304	1	942	1	48	0
1306	1300	1	943	0	48	0
1304	1308	1	944	1	48	0
1308	1309	1	945	1	48	0
1310	1313	1	946	1	48	0
1313	1314	1	947	1	48	0
1314	1311	1	948	1	48	0
1312	1311	1	949	1	48	0
1312	1315	1	950	1	48	0
1224	653	1	951	1	48	0
892	51	1702	952	0	48	0
1316	892	1288	953	0	48	1
904	1316	508	954	0	48	1
1224	434	1	955	0	48	0
903	1322	1	956	0	48	0
1323	1324	1	957	0	48	0
1318	891	1	958	1	48	0
1319	897	1872	959	1	55	0
891	1319	1	960	1	48	0
349	1325	1	961	0	48	0
1326	1327	1	962	0	60	1
1328	1327	1	963	0	60	1
1330	1326	1	964	0	60	1
1293	1294	1	965	0	48	0
1327	1330	1	966	0	60	1
1329	1331	1	967	0	48	0
1336	1337	1	968	0	48	0
1335	1334	990	969	0	48	0
1338	1339	1	970	0	48	0
1340	1341	1	971	0	24	0
1343	1342	1	972	0	24	0
1345	1344	1	973	0	24	0
1346	303	1217	974	0	48	0
1348	568	1312	975	0	48	0
1349	599	2049	976	0	48	0
1351	1350	1	977	0	48	0
1354	1355	1	978	0	48	0
1353	1352	1	979	0	48	0
1356	1357	1	980	0	48	0
1358	1359	1	981	0	16	0
1360	1361	1	982	0	48	0
1363	1362	22	983	0	48	0
1362	1364	62	984	0	48	0
1365	1374	1	985	0	48	0
1366	1367	1	986	0	48	0
1364	1368	39	987	0	48	0
1369	1368	51	988	0	48	0
1369	1370	31	989	0	48	0
1371	1363	58	990	0	48	0
1371	1372	102	991	0	48	0
1363	1373	13	992	0	48	0
1372	1370	86	993	0	48	0
1372	1373	50	994	0	48	0
1373	1370	53	995	0	48	0
1385	1375	1	996	0	48	0
1377	1378	1	997	0	48	0
1379	1380	1	998	0	48	0
1381	1383	1	999	0	58	0
1383	1384	1	1000	0	26	0
1384	1382	1	1001	0	48	0
1387	1386	1	1002	0	48	0
1388	1389	0	1003	0	16	0
1391	910	1	1004	0	48	0
1397	1396	1	1005	0	48	0
1376	1393	1	1006	0	48	0
1394	1395	1	1007	0	48	0
1400	1401	1	1008	0	48	0
1398	1399	37	1009	0	48	0
1403	1398	28	1010	0	48	0
1404	1398	62	1011	0	48	0
1404	1403	41	1012	0	48	0
1363	1402	32	1013	0	48	0
1405	1406	1	1014	0	48	0
1414	1415	146	1015	0	48	0
1390	1392	83	1016	1	48	1
1390	1391	39	1017	1	48	1
1413	1407	1	1018	1	48	0
1408	1404	18	1019	0	48	0
1409	1408	55	1020	0	48	0
1409	1399	56	1021	0	48	0
1410	1399	25	1022	0	48	0
1411	1410	64	1023	0	48	0
1412	1411	33	1024	0	48	0
1412	1409	63	1025	0	48	0
1416	97	6013	1026	1	48	0
1419	1420	1	1027	0	48	0
1413	1392	1	1028	0	48	0
1421	1422	1	1029	0	48	0
1423	1424	1	1030	0	48	0
1425	1426	1	1031	0	30	0
1431	1432	1	1032	0	48	0
1427	1429	1	1033	0	48	0
1434	1433	1	1034	0	30	0
1435	1436	1	1035	0	48	0
1450	1510	1	1036	0	48	0
1440	1453	153	1037	0	48	0
1441	1442	1	1038	0	48	0
1443	1444	10	1039	0	36	0
1445	1446	1	1040	0	36	0
1451	1452	1	1041	0	48	0
1454	1455	1	1042	0	48	0
1456	1457	1	1043	0	48	0
1458	1459	1	1044	0	48	0
1460	1461	1	1045	0	60	0
1462	1463	1	1046	0	48	0
1464	1465	1	1047	0	48	0
1428	1430	1	1048	0	60	0
1466	1467	1	1049	0	48	0
1469	1468	1	1050	0	4	0
1470	1471	1	1051	0	24	0
1472	1473	9	1052	0	24	1
1474	1443	32	1053	0	36	0
1475	1444	17	1054	0	36	0
1475	1474	26	1055	0	36	0
1476	1477	36	1056	0	36	0
1477	1478	60	1057	0	36	0
1444	1474	40	1058	0	36	0
1443	1475	10	1059	0	36	0
1479	1474	9	1060	0	36	0
1438	1480	1	1061	0	48	0
1481	1482	11	1062	0	5	0
1483	1485	1	1063	1	48	0
101	1484	5468	1064	1	48	1
1486	1488	6	1065	1573969090	48	1
24	1487	1651	1066	1	48	0
1484	1483	1	1067	0	48	0
1489	1490	66	1068	1	48	0
1487	1487	1	1069	0	48	0
1488	1487	1	1070	0	48	0
1490	1483	1	1071	0	48	0
1491	1492	36	1072	0	48	0
1489	1493	101	1073	1	48	1
1494	1441	96	1074	0	48	1
1525	1526	87	1075	0	48	0
1496	1441	83	1076	0	48	0
1497	1496	24	1077	0	48	1
1495	1498	58	1078	0	48	0
1505	1506	10	1079	1	48	0
1508	1509	1	1080	0	48	0
1497	1441	96	1081	0	48	0
1506	1507	133	1082	1	48	0
1495	1499	115	1083	0	48	0
1499	1500	40	1084	0	48	0
1437	1447	72	1085	0	48	1
1518	1493	1	1086	0	48	0
1501	1502	31	1087	0	48	0
1498	1499	89	1088	0	48	0
1503	1504	2	1089	1	48	0
1503	1487	1	1090	0	48	0
1518	1407	113	1091	1	48	1
1449	1520	47	1092	0	48	1
1512	1513	4	1093	0	48	1
1513	1511	4	1094	0	48	1
1505	1392	1	1095	0	48	0
1514	1515	36	1096	0	48	1
1516	1511	6	1097	0	48	1
1507	1493	1	1098	0	48	0
1520	1511	20	1099	0	48	1
1516	1515	33	1100	0	48	1
1516	1513	2	1101	0	48	1
1515	1517	12	1102	0	48	1
1520	1521	21	1103	0	48	1
1521	1519	15	1104	0	48	1
1443	1476	60	1105	0	36	0
1517	1522	31	1106	0	48	1
1522	1519	47	1107	0	48	1
1522	1521	41	1108	0	48	1
1527	1528	1	1109	0	48	0
1529	1530	1	1110	0	48	0
1531	1532	1	1111	0	48	0
1533	1534	1	1112	0	48	0
1535	1536	1	1113	0	48	0
1538	1537	1	1114	0	48	0
1539	1540	1	1115	0	48	0
1543	1544	1	1116	0	4	0
1545	1546	1	1117	0	48	0
1547	1548	1	1118	0	48	0
1541	1542	1	1119	0	24	0
1549	1550	1	1120	0	48	0
1551	1552	1	1121	0	48	0
1553	1554	1	1122	0	48	0
1555	1556	1	1123	0	48	0
1557	1558	1	1124	0	48	0
1559	1560	1	1125	0	48	0
1561	1562	1	1126	0	48	0
1563	1564	1	1127	0	48	0
1565	1566	10	1128	0	36	0
1568	1569	20	1129	0	48	0
1567	1570	43	1130	0	48	0
1570	1571	66	1131	0	48	0
1570	1572	67	1132	0	48	1
1573	1571	43	1133	0	48	1
1572	1573	44	1134	0	48	0
1443	1477	69	1135	0	36	0
1443	1574	77	1136	0	36	0
1443	1575	67	1137	0	36	0
1443	1479	43	1138	0	36	0
1479	1476	20	1139	0	36	0
1479	1575	27	1140	0	36	0
1479	1477	27	1141	0	36	0
1479	1574	37	1142	0	36	0
1476	1574	52	1143	0	36	0
1476	1575	43	1144	0	36	0
1444	1479	50	1145	0	36	0
1576	1577	1	1146	0	48	0
1578	1579	1	1147	0	48	0
1580	1581	1	1148	0	48	0
1582	1583	1	1149	0	48	0
1584	1585	1	1150	0	48	0
1586	1587	1	1151	0	48	0
1588	1589	1	1152	0	48	0
1590	1591	1	1153	0	48	0
1592	1441	50	1154	0	48	0
1596	1593	1048	1155	0	48	0
1594	1595	725	1156	0	48	0
1598	1599	3943	1157	0	48	0
1601	1602	4233	1158	0	48	0
1603	1604	1371	1159	0	48	0
363	336	2963	1160	0	48	0
1605	1239	1150	1161	0	48	0
1606	1239	331	1162	0	48	0
1607	1608	1	1163	0	48	1
1609	1610	1	1164	0	48	0
1611	1612	2191	1165	0	48	0
1613	1614	6098	1166	0	48	0
1618	1617	1	1168	0	48	0
1619	1620	1	1169	0	24	0
1621	1622	1	1170	0	24	0
1627	1628	1	1172	0	48	0
1629	1630	1	1173	1609424066	48	2752512
1635	1636	1	1174	0	48	1
1645	1646	5	1177	0	24	0
1647	1648	19	1179	0	48	0
1649	1650	14	1180	0	48	0
1651	1652	26	1181	0	48	0
1653	1654	3	1182	0	48	0
1655	1681	75	1183	0	48	0
1657	1658	15	1184	0	48	0
1661	1662	1	1186	0	44	0
1663	1664	21	1187	0	48	0
1667	1668	5	1189	0	48	0
1670	1656	9	1190	0	48	0
1670	1672	12	1191	0	48	0
1671	1670	5	1192	0	48	0
1672	1669	17	1193	0	48	0
1672	1671	9	1194	0	48	0
1673	1674	9	1195	0	48	0
1669	1675	59	1196	0	48	0
1676	1675	25	1197	0	48	0
1677	1684	2	1198	0	48	0
1679	1678	35	1199	0	48	0
1676	1685	7	1200	0	48	0
1678	1651	55	1201	0	48	0
1651	1680	36	1202	0	48	0
1680	1655	21	1203	0	48	0
1681	1671	32	1204	0	48	0
1681	1680	10	1205	0	48	0
1683	1392	1	1207	0	48	0
1682	1683	10	1208	1879301314	48	1
1684	1679	20	1209	0	48	0
1685	1679	13	1210	0	48	0
1685	1684	10	1211	0	48	0
1686	1688	24	1213	0	48	0
1686	1687	10	1214	0	48	0
1687	1689	48	1215	0	48	0
1689	1690	46	1216	0	48	0
1687	1690	66	1217	0	48	0
1688	1687	30	1218	0	48	0
1692	1691	1	1222	0	48	0
1693	1691	3	1223	0	48	1
1695	1696	45	1226	1551621314	60	1
1692	902	965	1228	0	48	0
1697	1698	1	1229	0	60	0
1699	1700	1009	1230	0	48	0
1701	1702	1948	1231	0	48	0
1707	1708	1	1234	0	48	0
1710	1709	1129	1235	0	48	0
1711	1712	565	1236	0	48	0
583	1713	535	1237	0	48	0
1714	1715	1910	1238	0	48	0
1716	574	2251	1239	0	48	0
1717	1718	1	1241	0	48	0
1720	1719	1	1242	0	48	0
1721	1722	1	1243	0	48	0
1726	1727	5114	1246	0	48	0
1346	423	1467	1248	0	48	0
1728	1729	1	1249	0	48	0
1730	1731	1	1250	0	24	0
1732	1733	1349	1251	0	48	0
1734	1735	2475	1252	0	48	0
1771	1772	1	1280	0	12	0
1773	1774	1	1281	0	12	0
1775	1776	1	1282	0	12	0
1777	1778	1	1283	0	12	0
1779	1780	1	1284	0	12	0
1781	1782	1	1285	0	12	0
1786	1787	1	1288	0	48	0
1795	1796	1	1293	0	48	0
1849	1850	1	1328	0	48	0
1239	79	1175	1348	0	48	0
1903	1904	1	1375	0	48	0
1911	1912	1	1379	0	48	0
1913	1914	1	1380	0	48	0
1917	1918	1	1382	0	48	0
1941	1942	1	1396	0	48	0
1957	1958	1	1399	0	48	0
1967	1968	1	1403	0	48	0
2008	2009	1	1430	0	48	0
2010	2011	1	1431	0	48	0
2049	2050	1	1449	0	12	0
2053	2054	1	1451	0	12	0
2055	2056	1	1452	0	12	0
2057	2058	1	1453	0	12	0
2061	2062	1	1455	0	12	0
2063	2064	1	1456	0	12	0
2065	2066	1	1457	0	12	0
2067	2068	1	1458	0	12	0
2069	2070	1	1459	0	12	0
2071	2072	1	1460	0	12	0
2073	2074	1	1461	0	12	0
2075	2076	1	1462	0	12	0
2077	2078	1	1463	0	12	0
2079	2080	1	1464	0	12	0

 -- by 每天涨停@梦江南 $ Jx3UnPack-PAKV3 jx3.mail@gmail.com