ID	Duration	MinDuration	note	Usage	MaxCount	MaxDuration	CanBackup	MaxOverDraftCount	CanAccelerate	NeedSyncOB
1	5	5	仇杀的CD	13	1	5		0	0	0
2	5	5	纯阳_乌龟饲料	3	1	5	1	0	1	0
3	5	5	屠杀的CD	13	1	5		0	0	0
4	20	20	少林普渡棍法之拈花献佛CD	5	1	20	1	0	1	0
5	30	30	少林洗髓经佛光普照CD	5	1	30	1	0	1	0
6	30	30	少林易筋经金刚护体CD	5	1	30	1	0	1	0
7	2	2	NPC技能CD	12	1	2		0	0	0
8	0.5	0.5	江湖_普通攻击	11	1	0.5		0	1	0
9	30	30	非战斗状态立即恢复品CD	24	1	30		0	0	0
10	10	10	非战斗状态HOT恢复品CD	24	1	10		0	0	0
11	30	30	绷带CD	15	1	30		0	0	0
12	10	10	江湖_二段跳CD	11	1	10		0	1	0
13	10	10	加速	0	1	10		0	0	0
14	5	5	江湖_回风扫叶	11	1	5		0	1	0
15	15	15	新手特殊技能CD1	11	1	15		0	1	0
16	1.5	0	江湖_技能公共CD	11	1	3		0	0	0
17	20	20	新手特殊技能CD2	11	1	20		0	1	0
18	60	60	万花自封经脉技能CD	2	1	60	1	0	1	0
19	60	60	万花大小截穴技能CD	2	1	60	1	0	1	0
20	120	120	万花强化经脉技能	2	1	120	1	0	1	0
21	30	30	万花定身技能	2	1	30	1	0	1	0
22	15	15	万花点穴直接伤害	2	1	15	1	0	1	0
23	15	15	万花减速	2	1	15	1	0	1	0
35	2	2	道具CD1	13	1	2		0	0	0
36	45	45	少林_达摩武诀_舍身诀	5	1	45	1	0	1	1
37	300	300	少林_达摩武诀_轮回诀	5	1	300	0	0	1	1
38	20	20	少林_终结技_佛光初现	5	1	20	1	0	1	0
39	15	15	少林_终结技_恒河截沙	5	1	15	1	0	1	0
40	20	20	少林_袈裟伏魔功_五蕴皆空	5	1	20	1	0	1	0
41	30	30	少林_袈裟伏魔功_亦枯亦荣	5	1	30	1	0	1	0
42	20	20	少林_袈裟伏魔功_灵山施雨	5	1	20	1	0	1	0
43	15	15	少林_袈裟伏魔功_金刚怒目	5	1	15	1	0	1	0
44	30	30	少林_易筋经_易经锻骨	5	1	30	1	0	1	0
45	1.5	1	少林_龙爪手_拿云式	5	1	1.5	1	0	1	0
46	60	60	少林_达摩武诀_擒龙诀	5	1	60	1	0	1	1
47	90	90	少林_达摩武诀_无相诀	5	1	90	1	0	1	1
48	8	8	少林_龙爪手_抱残式	5	1	8	1	0	1	0
49	20	20	少林_龙爪手_捉影式	5	1	20	1	0	1	0
50	8	8	少林_龙爪手_守缺式	5	1	8	1	0	1	0
51	30	30	万花_养心决_星楼月影	2	1	30	1	0	1	1
52	60	60	万花_养心决_水月无间	2	1	60	1	0	1	1
53	45	45	万花_养心决_春泥护花	2	1	45	1	0	1	1
54	120	120	万花_养心决_碧水滔天	2	1	120	1	0	1	1
55	15	15	万花_真卿笔法_凌云难步	2	1	15	1	0	1	0
56	300	300	万花_素问_凝气诀	2	1	300	1	0	1	0
57	6	6	万花_真卿笔法_星楼望月	2	1	6	1	0	1	0
58	30	30	七秀_剑器浑脱_龙池乐	4	1	30	1	0	1	0
59	5	5	江湖_江湖功夫_进阶攻击	11	1	5		0	1	0
60	2	0	少林_罗汉棍法_普渡四方	5	1	4	1	0	1	0
61	20	20	少林_罗汉棍法_万佛朝宗	5	1	20	1	0	1	0
62	30	30	少林_易筋经_亦枯亦荣	5	1	30	1	0	1	0
63	60	60	少林_达摩武诀_锻骨诀	5	1	60	1	0	1	1
64	30	30	少林_袈裟伏魔功_袖纳乾坤	5	1	30	1	0	1	0
65	1	0	少林_罗汉棍法_韦陀献杵	5	1	2	1	0	1	0
66	30	30	少林_袈裟伏魔功_不动明王	5	1	30	1	0	1	0
67	25	25	少林_罗汉棍法_摩诃无量	5	1	25	1	0	1	1
68	1.5	1.5	少林_袈裟伏魔功_立地成佛	5	1	1.5	1	0	1	0
69	12	12	少林_罗汉棍法_横扫六合	5	1	12	1	0	1	0
70	30	30	少林_达摩武诀_佛心诀	5	1	30	1	0	1	0
71	6	6	少林_罗汉棍法_恒河劫沙	5	1	6	1	0	1	0
72	18	18	少林_袈裟伏魔功_罗汉金身	5	1	18	1	0	1	0
73	6	6	少林_龙爪手_捕风式	5	1	6	1	0	1	0
74	50	50	少林_袈裟伏魔功_大狮子吼	5	1	50	1	0	1	1
75	25	25	少林_龙爪手_抢珠式	5	1	25	1	0	1	0
76	1	1	医术公用CD	24	1	1		0	0	0
77	120	120	回血药品共用CD	24	1	120		0	0	0
78	120	120	回蓝药品共用CD	24	1	120		0	0	0
79	120	120	天赋技能	11	1	120		0	1	0
80	15	15	纯阳-九转归真	3	1	15	1	0	1	1
81	25	25	纯阳_八卦洞玄	3	1	25	1	0	1	1
82	8	8	纯阳_天地无极	3	1	8	1	0	1	0
83	15	15	纯阳_万剑归宗	3	1	15	1	0	1	0
84	90	90	纯阳_抱元守缺	3	1	90	1	0	1	0
85	15	15	纯阳_致虚极	3	1	15	1	0	1	0
86	20	20	纯阳_剑飞惊天	3	1	20	1	0	1	1
87	86400	86400	密聊加好感度专用CD	13	1	86400		0	0	0
88	4	4	轻功	11	1	4	1	0	1	0
89	86400	86400	切磋加好感度专用CD	13	1	86400		0	0	0
90	1800	1800	寇岛宝藏机甲人	21	1	1800		0	0	0
91	2	0	天策-穿云	1	1	4	1	0	1	0
92	3	0	天策-破风	1	1	6	1	0	1	0
93	8	8	天策-定军	1	1	8	1	0	1	0
94	1.5	1.5	天策-撼如雷	1	1	1.5	1	0	1	0
96	120	120	天策-徐如林	1	1	120	1	0	1	0
97	1.5	0	天策-龙牙	1	1	3	1	0	1	0
98	20	20	天策-突	1	1	20	1	0	1	1
99	10	10	天策-乱	1	1	10	1	0	1	0
100	120	120	天策-啸如虎	1	1	120	1	0	1	0
101	8	8	天策-灭	1	1	8	1	0	1	1
102	180	180	天策-御奔突	1	1	180	1	0	1	1
103	15	15	天策-破坚阵	1	1	15	1	0	1	0
104	1	1	天策-战八方	1	1	1	1	0	1	0
105	25	25	天策-断魂刺	1	1	25	1	0	1	0
106	90	90	天策-掠如火	1	1	90	1	0	1	0
107	90	90	天策-疾如风	1	1	90	1	0	1	1
108	40	40	天策-任驰骋	1	1	40	1	0	1	1
109	3	3	枫华谷任务_毒龙镖	29	1	3		0	0	0
110	120	120	七秀_剑气浑脱_满堂势	4	1	120	1	0	1	1
111	1800	1800	七秀_剑气浑脱_心鼓弦	4	1	1800	1	0	1	0
112	600	600	七秀_剑气浑脱_邻里曲	4	1	600	1	0	1	0
113	1200	1200	剑器浑脱_心鼓弦	4	1	1200	1	0	1	0
114	90	90	七秀_剑气浑脱_鹊踏枝	4	1	90	1	0	1	1
115	120	120	七秀_西河剑器_羿射九日	4	1	120	1	0	1	0
116	10	10	七秀_猿公剑法_剑影留痕	4	1	10	1	0	1	0
117	90	90	七秀_西河剑器_雷霆震怒	4	1	90	1	0	1	1
118	90	90	七秀_西河剑器_月华倾泻	4	1	90	1	0	1	0
119	120	120	七秀_西河剑器_天地低昂	4	1	120	1	0	1	1
120	75	75	七秀_剑气浑脱_蝶弄足	4	1	75	1	0	1	1
121	30	30	七秀_剑气浑脱_龙池乐	4	1	30	1	0	1	0
122	43	43	七秀_西河剑器_绛唇珠袖	4	1	43	1	0	1	0
123	8	8	七秀_猿公剑法_剑气长江	4	1	8	1	0	1	0
124	40	40	七秀_西河剑器_帝骖龙翔	4	1	40	1	0	1	1
125	30	30	七秀_猿公剑法_剑心通明	4	1	30	1	0	1	0
126	12	12	江湖_新手技能AOE	11	1	12		0	1	0
127	120	120	江湖_新手技能回复	11	1	120		0	1	0
128	45	45	江湖_新手技能狂暴	11	1	45		0	1	0
129	0.1	0.1	普通配方	0	1	0.1		0	0	0
130	10	10	精力体力	13	1	10		0	0	0
131	3600	3600	大餐	14	1	3600		0	0	0
132	1	1	烹饪公共CD	14	1	1		0	0	0
133	120	120	回复品	24	1	120		0	0	0
134	120	120	特殊品1_2分钟	0	1	120		0	0	0
135	60	60	特殊品2_1分钟	0	1	60		0	0	0
136	120	120	特殊品2_2分钟	0	1	120		0	0	0
137	300	300	特殊品2_5分钟	0	1	300		0	0	0
138	1800	1800	特殊品2_30分钟	0	1	1800		0	0	0
139	120	120	特殊品3_2分钟	0	1	120		0	0	0
140	180	180	特殊品3_3分钟	0	1	180		0	0	0
141	120	120	特殊品4_2分钟	0	1	120		0	0	0
142	180	180	特殊品4_3分钟	0	1	180		0	0	0
143	6	6	寇岛火炬任务	21	1	6		0	0	0
144	1	1	道具CD_1秒	13	1	1		0	0	0
145	2	2	道具CD_2秒	13	1	2		0	0	0
146	5	5	道具CD_5秒	13	1	5		0	0	0
147	10	10	道具CD_10秒	13	1	10		0	0	0
148	20	20	天策_御	1	1	20	1	0	1	0
149	300	300	天策-守如山	1	1	300	1	0	1	1
150	8	8	天策-龙吟	1	1	8	1	0	1	0
151	6	6	天策-穿	1	1	6	1	0	1	0
152	1200	1200	门派间CD	11	1	1200		0	1	0
153	300	300	天策-门派内CD	1	1	300	1	0	1	0
154	300	300	纯阳-门派内CD	3	1	300	1	0	1	0
155	300	300	万花-门派内CD	2	1	300	1	0	1	0
156	300	300	少林-门派内CD	5	1	300	1	0	1	0
157	300	300	七秀-门派内CD	4	1	300	1	0	1	0
160	60	60	纯阳-凭虚御风	3	1	60	1	0	1	1
161	30	30	扶摇直上	11	1	30	1	0	1	0
162	1	1	纯阳-凝神聚气	3	1	1	1	0	1	0
163	30	30	纯阳-坐望无我	3	1	30	1	0	1	0
164	150	150	纯阳-韬光养晦	3	1	150	1	0	1	1
165	30	30	轻功前冲	11	1	30	1	0	1	0
166	30	30	轻功疾退	11	1	30	1	0	1	0
167	30	30	轻功左闪	11	1	30	1	0	1	0
168	30	30	轻功右闪	11	1	30	1	0	1	0
169	15	15	纯阳-五方行尽	3	1	15	1	0	1	1
170	6	6	纯阳-气场CD	3	1	6	1	0	1	0
171	120	120	纯阳-转乾坤	3	1	120	1	0	1	1
172	20	20	纯阳-大道无术	3	1	20	1	0	1	1
173	2	0	纯阳-三环套月	3	1	4	1	0	1	0
174	300	300	纯阳_镇山河	3	1	300	1	0	1	1
175	6	6	万花_点穴截脉_少明指	2	1	6	1	0	1	0
176	17	17	万花_点穴截脉_太阴指	2	1	17	1	0	1	1
177	10	10	万花_点穴截脉_厥阴指	2	1	10	1	0	1	0
178	20	20	万花_百花拂穴手_芙蓉并蒂	2	1	20	1	0	1	0
179	30	30	万花_百花拂穴手_傍花随柳	2	1	30	1	0	1	0
180	5	5	万花_百花拂穴手_钟林毓秀	2	1	5	1	0	1	0
181	6	6	万花_百花拂穴手_兰摧玉折	2	1	6	1	0	1	0
182	20	20	纯阳_三才化生	3	1	20	1	0	1	0
183	1	1	任务道具_七毒蝎尾针	0	1	1		0	0	0
184	20	20	七秀_猿公剑法_剑灵寰宇	4	1	20	1	0	1	0
185	40	40	七秀_霓裳羽衣_风袖低昂	4	1	40	1	0	1	1
186	6	6	七秀_霓裳羽衣_上元点鬟	4	1	6	1	0	1	0
187	120	120	七秀_霓裳羽衣_繁音急节	4	1	120	1	0	1	1
188	15	15	七秀_霓裳羽衣_王母挥袂	4	1	15	1	0	1	1
189	20	20	天策-裂苍穹	1	1	20	1	0	1	0
190	15	15	天策-崩	1	1	15	1	0	1	0
191	6	6	七秀_猿公剑法_剑主天地	4	1	6	1	0	1	0
192	1.5	1.5	江湖_打坐	11	1	1.5		0	1	0
193	25	25	少林_千斤坠	5	1	25	1	0	1	1
194	1	1	七毒蝎尾针	0	1	1		0	0	0
195	120	120	万花_花语酥心	2	1	120	1	0	1	0
196	20	20	纯阳_人剑合一	3	1	20	1	0	1	0
197	20	20	天策-沧月	1	1	20	1	0	1	0
198	3	3	七秀_云裳心经_跳珠憾玉	4	1	3	1	0	1	0
199	1.5	1.5	七秀_西河剑器_名动四方	4	1	1.5	1	0	1	0
200	3600	3600	礼品道具CD	0	1	3600		0	0	0
201	20	20	万花_毫针	2	1	20	1	0	1	1
202	5	5	稻香村赶猪棒	15	1	5		0	0	0
203	3600	3600	自绝经脉60分钟	0	1	3600		0	0	0
204	30	30	轻功扶摇直上	11	1	30	1	0	1	0
205	1.5	1.5	纯阳_聚气凝元	3	1	1.5	1	0	1	0
207	15	15	洛道任务――赶走军马CD	20	1	15		0	0	0
208	60	60	万花_大针	2	1	60	1	0	1	0
209	5	5	江湖_暗器攻击	11	1	5		0	1	0
210	3600	3600	技艺-阅读绿色CD	25	1	3600		0	0	0
211	21600	21600	技艺-阅读蓝色CD	25	1	21600		0	0	0
212	86400	86400	技艺-阅读紫色CD	25	1	86400		0	0	0
213	20	20	扬州捉萤火虫	16	1	20		0	0	0
214	3	3	少林_技能事件_增加反击点CD	5	1	3	1	0	1	0
215	6	6	少林_韦陀献杵_秘笈_增加反击点	5	1	6	1	0	1	0
216	180	180	送礼加好友度专用CD	13	1	180		0	0	0
217	3	3	纯阳-气宗阵法第四重	3	1	3	1	0	1	0
218	3	3	纯阳剑宗阵法第四重3秒CD	3	1	3	1	0	1	0
219	1	1	七秀_冰心诀_闪避后还击	4	1	1	1	0	1	0
220	1800	1800	辅助系_脑户_高血高防	31	1	1800		0	0	0
221	120	120	辅助系_后顶_吸收伤害	31	1	120		0	0	0
222	600	600	辅助系_百合_回血	31	1	600		0	0	0
223	600	600	辅助系_风府_自由行动	31	1	600		0	0	0
224	300	300	外功系_外丘_外功会心	31	1	300		0	0	0
225	300	300	外功系_悬钟_沉默	31	1	300		0	0	0
226	600	600	外功系_光明_重置CD	31	1	600		0	0	0
227	300	300	内功系_关门_内功会心	31	1	300		0	0	0
228	300	300	内功系_太乙_减速	31	1	300		0	0	0
229	600	600	内功系_幽门_重置CD	31	1	600		0	0	0
230	30	30	火毒	38	1	30		0	0	0
231	5	5	木毒	38	1	5		0	0	0
232	5	5	水毒	38	1	5		0	0	0
233	5	5	金毒	38	1	5		0	0	0
234	5	5	土毒	38	1	5		0	0	0
235	7200	7200	技艺-抄录碑文CD	25	1	7200		0	0	0
236	10	10	聊天CD	13	1	10		0	0	0
237	25	25	纯阳_冲阴阳	3	1	25	1	0	1	0
238	10	10	纯阳_破苍穹	3	1	10	1	0	1	0
239	10	10	纯阳_化三清	3	1	10	1	0	1	0
240	10	10	纯阳_生太极	3	1	10	1	0	1	0
241	10	10	纯阳_吞日月	3	1	10	1	0	1	0
242	10	10	纯阳_凌太虚	3	1	10	1	0	1	0
243	10	10	纯阳_碎星辰	3	1	10	1	0	1	0
244	1800	1800	基础系_龈交_传送	31	1	1800		0	0	0
245	1.5	1.5	纯阳-吐故纳新	3	1	1.5	1	0	1	0
246	7200	7200	基础系_兑瑞_重置传送cd	31	1	7200		0	0	0
247	72000	72000	基础系_上脘_传功准备	31	1	72000		0	0	0
248	30	30	草上飞	11	1	30		0	1	0
249	20	20	聊天频道1	13	1	20		0	0	0
250	30	30	聊天频道2	13	1	30		0	0	0
251	60	60	聊天频道3	13	1	60		0	0	0
252	5	5	七秀_云裳_躲闪	4	1	5	1	0	1	0
253	20	20	万花_花间游_被暴击回血	2	1	20	1	0	1	0
254	300	300	天尊赤火	42	1	300		0	0	0
255	600	600	武尊玄冰	42	1	600		0	0	0
256	1440	1440	修为药品一天冷却	24	1	1440		0	0	0
257	600	600	特殊品5_10分钟	0	1	600		0	0	0
258	120	120	蹴鞠CD	0	1	120		0	0	0
259	1.5	1.5	崩、定军和龙吟的公共CD	1	1	1.5	1	0	1	0
260	0.5	0.5	刷新频率0.5秒	13	1	0.5		0	0	0
261	43200	43200	碑铭-棍章第六	25	1	43200		0	0	0
262	43200	43200	碑铭-枪章第二	25	1	43200		0	0	0
263	86400	86400	碑铭-易筋经第五章	25	1	86400		0	0	0
264	86400	86400	碑铭-白驹	25	1	86400		0	0	0
265	86400	86400	碑铭-谷风	25	1	86400		0	0	0
266	86400	86400	碑铭-咏美人在天津桥	25	1	86400		0	0	0
267	86400	86400	碑铭-书典第七章	25	1	86400		0	0	0
268	86400	86400	碑铭-纯阳秘录第四章	25	1	86400		0	0	0
269	43200	43200	碑铭-十四难上篇	25	1	43200		0	0	0
270	43200	43200	碑铭-子非鱼	25	1	43200		0	0	0
271	86400	86400	碑铭-鹿王本生・下	25	1	86400		0	0	0
272	86400	86400	碑铭-昆仑派风物志	25	1	86400		0	0	0
273	86400	86400	碑铭-昆仑派历代掌门弟子	25	1	86400		0	0	0
274	86400	86400	碑铭-初唐四杰	25	1	86400		0	0	0
276	259200	259200	碑铭-第四章・出游感苦	25	1	259200		0	0	0
277	259200	259200	碑铭-鬼谷子本经阴符七术之四	25	1	259200		0	0	0
278	259200	259200	碑铭-吕祖百字碑疏义其五	25	1	259200		0	0	0
279	259200	259200	碑铭-少林书第四章	25	1	259200		0	0	0
280	259200	259200	碑铭-紫骝马	25	1	259200		0	0	0
281	259200	259200	碑铭-青龙・氐宿第三	25	1	259200		0	0	0
282	259200	259200	碑铭-咏风	25	1	259200		0	0	0
283	259200	259200	碑铭-从军行（二）	25	1	259200		0	0	0
284	259200	259200	碑铭-道德经卷三其八	25	1	259200		0	0	0
285	259200	259200	碑铭-玄武・壁宿第七	25	1	259200		0	0	0
286	259200	259200	碑铭-独不见	25	1	259200		0	0	0
287	259200	259200	碑铭-三十六计第一章	25	1	259200		0	0	0
288	259200	259200	碑铭-四象生八卦上	25	1	259200		0	0	0
289	259200	259200	碑铭-易筋经第一章	25	1	259200		0	0	0
290	259200	259200	碑铭-易筋经第二章	25	1	259200		0	0	0
291	259200	259200	碑铭-庐山东林寺杂诗	25	1	259200		0	0	0
292	259200	259200	碑铭-道德经卷五其三	25	1	259200		0	0	0
293	259200	259200	碑铭-剑侠山河图鉴其二	25	1	259200		0	0	0
294	259200	259200	碑铭-剑侠山河图鉴其八	25	1	259200		0	0	0
295	259200	259200	碑铭-风动心	25	1	259200		0	0	0
296	259200	259200	碑铭-黑白鼠上篇	25	1	259200		0	0	0
297	259200	259200	碑铭-少林高僧录其八	25	1	259200		0	0	0
298	259200	259200	碑铭-书信辑录其一・王维林家书	25	1	259200		0	0	0
299	259200	259200	碑铭-书信辑录其二・邀药王入谷书	25	1	259200		0	0	0
300	259200	259200	碑铭-朱雀・柳宿第三	25	1	259200		0	0	0
301	259200	259200	碑铭-盗亦有道	25	1	259200		0	0	0
302	259200	259200	碑铭-八仙传之一	25	1	259200		0	0	0
303	259200	259200	碑铭-禅武之争上	25	1	259200		0	0	0
304	259200	259200	碑铭-禅武之争下	25	1	259200		0	0	0
305	259200	259200	碑铭-少林风物论其一	25	1	259200		0	0	0
306	259200	259200	碑铭-少林风物论其二	25	1	259200		0	0	0
307	259200	259200	碑铭-阳宝笔录卷一第一章	25	1	259200		0	0	0
308	259200	259200	碑铭-鹿王本生・中	25	1	259200		0	0	0
309	259200	259200	碑铭-天下三智惟逊一秋	25	1	259200		0	0	0
310	259200	259200	碑铭-双兵第五	25	1	259200		0	0	0
311	1200	1200	道具CD_20分钟	13	1	1200		0	0	0
312	30	30	道具_30秒	13	1	30		0	0	0
314	0.5	0.5	新建装备	42	1	0.5		0	0	0
315	180	180	御厨七宝链	42	1	180		0	0	0
316	60	60	御厨勾涎戒	42	1	60		0	0	0
317	14400	14400	五彩球・赤	44	1	14400		0	0	0
318	14400	14400	五彩球・蓝	44	1	14400		0	0	0
319	1800	1800	元旦节日_经验	14	1	1800		0	0	0
320	60	60	元旦活动_掌门送礼	46	1	60		0	0	0
321	30	30	元旦活动_五彩球	46	1	30		0	0	0
322	10	10	好友频道10秒	13	1	10		0	0	0
323	5	5	师徒频道5秒	13	1	5		0	0	0
324	86400	86400	天工皮革	44	1	86400		0	0	0
325	180	180	戒指_观冥_提高内功AP	42	1	180		0	0	0
326	180	180	腰坠_聚力坠_提高外功AP	42	1	180		0	0	0
327	180	180	腰坠_忍风链_提高内功抗性	42	1	180		0	0	0
328	180	180	腰坠_圣士腰坠_提高内功会心	42	1	180		0	0	0
329	180	180	腰坠_东海珠坠_提高治疗AP	42	1	180		0	0	0
330	72000	72000	天工锦缎	44	1	72000		0	0	0
331	30	30	商店购买CD	13	1	30		0	0	0
332	15	15	藏剑_秀水剑法_玉虹贯日	6	1	15	1	0	1	0
333	1.5	1.5	藏剑_秀水剑法_九溪弥烟	6	1	1.5	1	0	1	0
334	30	30	藏剑_秀水剑法_玉泉鱼跃	6	1	30	1	0	1	0
335	8	8	藏剑_秀水剑法_黄龙吐翠	6	1	8	1	0	1	0
336	28	28	藏剑_秀水剑法_梦泉虎跑	6	1	28	1	0	1	1
337	20	20	藏剑_灵峰剑式_鹤归孤山	6	1	20	1	0	1	1
339	300	300	藏剑内功CD	6	1	300	1	0	1	0
340	10	10	藏剑_灵峰剑式_霞流宝石	6	1	10	1	0	1	0
341	15	15	藏剑_灵峰剑式_峰插云景	6	1	15	1	0	1	0
342	1800	1800	清除神行道具CD	13	1	1800		0	0	0
343	120	120	藏剑_灵峰剑式_风来吴山	6	1	120	1	0	1	1
344	3	3	藏剑_君子风_听雷	6	1	3	1	0	1	0
345	15	15	藏剑_君子风_醉月	6	1	15	1	0	1	1
346	20	20	藏剑_君子风_探梅	6	1	20	1	0	1	0
347	12	12	藏剑_君子风_啸日	6	1	12	1	0	1	1
348	120	120	藏剑_西子情_莺鸣柳	6	1	120	1	0	1	1
349	100	100	藏剑_西子情_雪断桥	6	1	100	1	0	1	0
350	25	25	藏剑_西子情_风吹荷	6	1	25	1	0	1	0
351	40	40	藏剑_西子情_泉凝月	6	1	40	1	0	1	0
352	120	120	藏剑_西子情_云栖松	6	1	120	1	0	1	1
353	30	30	战宝装备	42	1	30		0	0	0
354	72000	72000	玉钢锭	锻造	1	72000		0	0	0
355	8	8	藏剑_秀水剑法_平湖断月	6	1	8	1	0	1	0
356	900	900	战宝道具cd15分钟	42	1	900		0	0	0
357	14400	14400	消除传功Debuff_4小时	46	1	14400		0	0	0
358	14400	14400	消除被传功Debuff_4小时	46	1	14400		0	0	0
359	15	15	绷带类使用公共CD	24	1	15		0	0	0
360	14400	14400	消除经脉错乱Debuff_4小时	46	1	14400		0	0	0
361	120	120	橙色武器_2分钟CD	42	1	120		0	0	0
362	12	12	藏剑_君子风_惊涛	6	1	12	1	0	1	0
363	4	4	藏剑_灵峰剑式_云飞玉皇	6	1	4	1	0	1	0
364	120	120	降低仇恨类药品CD	24	1	120		0	0	0
365	30	30	饰品装备CD	42	1	30		0	0	0
366	120	120	武器装备CD	42	1	120		0	0	0
367	10	10	2人副本_夜射天狼_瞄准射击CD	0	1	10		0	0	0
368	72000	72000	经验粽子_20小时	46	1	72000		0	0	0
369	120	120	海纳百川_2分钟	46	1	120		0	0	0
370	120	120	抽射_2分钟	46	1	120		0	0	0
371	72000	72000	修为粽子_20小时	46	1	72000		0	0	0
372	1800	1800	玫瑰_30分钟	46	1	1800		0	0	0
373	1800	1800	牡丹_30分钟	46	1	1800		0	0	0
374	20	20	藏剑_君子风_摘星	6	1	20	1	0	1	0
375	600	600	基础系_神阙_重置CD	31	1	600		0	0	0
376	3600	3600	传功	31	1	3600		0	0	0
377	600	600	基础系_巨阙_重置门派CD	31	1	600		0	0	0
378	14400	14400	基础系_下脘_满蓝满剑气	31	1	14400		0	0	0
379	14400	14400	基础系_中脘_满血	31	1	14400		0	0	0
380	3600	3600	CD1小时	49	1	3600		0	0	0
381	3600	3600	CD1小时	49	1	3600		0	0	0
382	180	180	PVP_腰坠_3分钟	42	1	180		0	0	0
383	8	8	藏剑_君子风_断潮	6	1	8	1	0	1	0
384	30	30	纯阳-剑冲阴阳	3	1	30	1	0	1	1
385	12	12	五毒_五仙图录_蟾啸	9	1	12	1	0	1	0
386	120	120	大厨武器	46	1	120		0	0	0
387	30	30	宠物公共CD	9	1	30	1	0	1	0
388	30	30	圣蝎引	9	1	30	1	0	1	0
389	30	30	玉蟾引	9	1	30	1	0	1	0
390	30	30	灵蛇引	9	1	30	1	0	1	0
391	30	30	风蜈引	9	1	30	1	0	1	0
392	30	30	天蛛引	9	1	30	1	0	1	0
393	1	1	宠物攻击指令	9	1	1	1	0	1	0
394	1	1	宠物主动指令	9	1	1	1	0	1	0
395	1	1	宠物防守指令	9	1	1	1	0	1	0
396	1	1	宠物被动指令	9	1	1	1	0	1	0
397	1	1	宠物跟随指令	9	1	1	1	0	1	0
398	1	1	宠物停留指令	9	1	1	1	0	1	0
399	20	20	五毒_补天心经_蛊惑众生	9	1	20	1	0	1	0
400	18	18	五毒_五仙图录_百足	9	1	18	1	0	1	1
401	8	8	五毒_五仙图录_千丝	9	1	8	1	0	1	0
402	12	12	五毒_万蛊真解_三种蛊GCD	9	1	12	1	0	1	1
403	60	60	五毒_补天心经_女娲补天	9	1	60	1	0	1	1
404	35	35	五毒_大荒驭龙_蛊虫献祭	9	1	35	1	0	1	1
405	120	120	五毒_补天心经_仙王蛊鼎	9	1	120	1	0	1	0
406	120	120	五毒_补天心经_金蟾吐瑞	9	1	120	1	0	1	1
407	1800	1800	五毒_万蛊真解_凤凰蛊	9	1	1800	1	0	1	0
408	25	25	圣蝎_减速	9	1	25	1	0	1	0
409	20	20	玉蟾_嘲讽	9	1	20	1	0	1	0
410	12	12	灵蛇_伤害	9	1	12	1	0	1	0
411	25	25	风蜈_加速	9	1	25	1	0	1	0
412	20	20	天蛛_拉人	9	1	20	1	0	1	0
413	1	1	宠物仇恨开关	9	1	1	1	0	1	0
414	600	600	帮会匾额_10分钟	13	1	600		0	0	0
415	600	600	帮会旗帜_10分钟	13	1	600		0	0	0
416	600	600	帮会战旗_10分钟	13	1	600		0	0	0
417	7200	7200	帮会召唤帮众_2小时	13	1	7200		0	0	0
418	7200	7200	帮会召唤NPC_2小时	13	1	7200		0	0	0
419	59	59	CD59秒	49	1	59		0	0	0
420	120	120	少林_达摩武诀_金刚诀	5	1	120	1	0	1	0
421	10	10	少林_龙爪手_涅式	5	1	10	1	0	1	0
422	3	3	藏剑_秀水剑法_踏雪寻梅	6	1	3	1	0	1	0
423	120	120	藏剑_西子情_东逝水	6	1	120	1	0	1	0
424	8	8	藏剑_灵锋剑式_雪满天山	6	1	8	1	0	1	0
425	90	90	藏剑_西子情_小天下	6	1	90	1	0	1	0
426	60	60	少林_袈裟伏魔功_三世诸佛	5	1	60	1	0	1	0
427	30	30	少林_罗汉棍法_归去来棍	5	1	30	1	0	1	0
428	90	90	万花_养心诀_乱洒青荷	2	1	90	1	0	1	1
429	6	6	万花_少阳指	2	1	6	1	0	1	0
430	3	3	万花_清风垂露	2	1	3	1	0	1	0
431	1	1	太极四象子技能CD	3	1	1	1	0	1	0
432	10	10	两仪雨集CD	3	1	10	1	0	1	0
433	120	120	纯阳-紫气东来	3	1	120	1	0	1	1
434	4	4	天策-灭对自身伤害	1	1	4	1	0	1	0
435	4	4	天策_灭对目标伤害	1	1	4	1	0	1	0
436	10	10	天策_骑射	1	1	10	1	0	1	0
437	20	20	天策_霹雳	1	1	20	1	0	1	0
438	15	15	纯阳_风雨如晦	3	1	15	1	0	1	0
439	300	300	擂台鲜花CD_5分钟	13	1	300		0	0	0
440	60	60	五毒_幻蛊	9	1	60	1	0	1	1
441	10	10	七秀_霓裳羽衣_王母挥袂_子技能	4	1	10	1	0	1	0
442	120	120	五毒_大荒御龙_蛊虫狂暴	9	1	120	1	0	1	1
443	10	10	五毒阵法10秒CD	9	1	10	1	0	1	0
444	2.5	2.5	后跳CD2.5秒	13	1	2.5		0	0	0
445	180	180	五毒_补天心经_真凰浴火	9	1	180	1	0	1	0
446	120	120	万花_养心诀_绣阁空手	2	1	120	1	0	1	1
447	180	180	天策_昂如岳	1	1	180	1	0	1	0
448	45	45	天策_渊	1	1	45	1	0	1	1
449	180	180	七秀_剑器洒脱_风唤梦	4	1	180	1	0	1	0
450	30	30	五毒_化蝶	9	1	30	1	0	1	1
451	10	10	七秀_猿公剑法_剑破虚空	4	1	10	1	0	1	0
452	300	300	五毒_门派内功切换CD	9	1	300	1	0	1	0
453	8	8	阵营大杀器_8秒	13	1	8		0	0	0
454	20	20	五毒_圣手织天	9	1	20	1	0	1	1
455	120	120	荻花圣殿特殊武器CD	42	1	120		0	0	0
456	30	30	蝴蝶引	9	1	30	1	0	1	0
457	1	1	天地无极_内置CD	3	1	1	1	0	1	0
458	600	600	蹴鞠袋子CD_10分钟	成都	1	600		0	0	0
459	600	600	成都蹴鞠袋子_10分钟	13	1	600		0	0	0
460	6	6	蝴蝶_解控	9	1	6	1	0	1	0
461	1	1	太极无极子技能_内置CD	3	1	1	1	0	1	0
462	15	15	孔雀翎	10	1	15	1	0	1	0
463	12	12	追命箭	10	1	12	1	0	1	0
464	20	20	穿心弩	10	1	20	1	0	1	0
465	10	10	卸元箭	10	1	10	1	0	1	0
466	45	45	连环弩	10	1	45	1	0	1	0
467	10	10	逐星箭	10	1	10	1	0	1	0
468	2	2	逐星箭_子技能	10	1	2	1	0	1	0
469	120	120	浮光掠影	10	1	120	1	0	1	1
470	105	105	惊鸿游龙	10	1	105	1	0	1	1
471	45	45	荆天棘地	10	1	45	1	0	1	0
472	20	20	子母飞爪	10	1	20	1	0	1	0
473	30	30	三段跳	10	1	30	1	0	1	0
474	28800	28800	中秋活动_月饼	46	1	28800		0	0	0
475	40	40	飞星遁影	10	2	40	1	0	1	1
476	30	30	雷震子	10	1	30	1	0	1	1
477	20	20	毒蒺藜	10	1	20	1	0	1	0
478	15	15	梅花针	10	1	15	1	0	1	0
479	30	30	断魂砂	10	1	30	1	0	1	0
480	30	30	鲲鹏铁爪	10	1	30	1	0	1	0
481	15	15	天绝地灭	10	1	15	1	0	1	0
482	45	45	千机变	10	1	45	1	0	1	0
483	12	12	转化公用CD	10	1	12	1	0	1	0
484	20	20	迷神钉	10	1	20	1	0	1	1
485	15	15	暴雨梨花针	10	1	15	1	0	1	0
486	1	1	飞星遁影内置CD	10	1	1	1	0	1	0
487	4	4	暗藏杀机	10	1	4	1	0	1	0
488	120	120	鬼斧神工	10	1	120	1	0	1	0
489	1	1	两仪化形_无形CD	3	1	1	1	0	1	0
490	120	120	心无旁骛	10	1	120	1	0	1	1
491	1	1	千机变指令CD	10	1	1	1	0	1	0
492	15	15	千机变特殊CD	10	1	15	1	0	1	0
493	300	300	唐门内功CD	10	1	300	1	0	1	0
494	86400	86400	(494) 帮会传送道具_24小时	13	1	86400		0	0	0
495	3	3	冬至_机甲人特技_3秒	46	1	3		0	0	0
496	1800	1800	碧露丹_30分钟	13	1	1800		0	0	0
497	900	900	特殊品6_15分钟	0	1	900		0	0	0
498	600	600	动态阵法_10分钟	46	1	600		0	0	0
499	8	8	万花_太素九针_彼针	2	1	8	1	0	1	1
500	300	300	烛龙殿装备用	0	1	300		0	0	0
501	1	1	飞星遁影保护	10	1	1	1	0	1	1
502	300	300	轻功道具CD	24	1	300		0	0	0
503	1	0	明教_技能公共CD	8	1	2	1	0	1	0
504	0.5	0.5	明教_幽月轮_三下之间间隔	8	1	0.5	1	0	1	0
505	6	6	明教_银月斩	8	1	6	1	0	1	0
506	15	15	明教_寒月耀	8	1	15	1	0	1	0
507	0.5	0.5	明教_赤日轮_三下之间间隔	8	1	0.5	1	0	1	0
508	6	6	明教_烈日斩	8	1	6	1	0	1	0
509	15	15	明教_煌日照	8	1	15	1	0	1	0
510	60	60	明教_夜叉心	8	1	60	1	0	1	1
511	120	120	明教_光明相	8	1	120	1	0	1	1
512	30	30	明教_幻光步	8	1	30	1	0	1	1
513	45	45	明教_归寂道	8	1	45	1	0	1	1
514	30	30	明教_寂镜卫	8	1	30	1	0	1	0
515	54	54	明教_贪魔体	8	1	54	1	0	1	1
516	45	45	明教_暗尘弥散	8	1	45	1	0	1	1
517	35	35	明教_怖畏暗刑	8	1	35	1	0	1	1
518	6	6	明教_业海罪缚	8	1	6	1	0	1	0
519	20	20	明教_流光囚影	8	1	20	1	0	1	1
520	120	120	明教_生灭予夺	8	1	120	1	0	1	1
521	4	4	明教_驱夜断愁	8	1	4	1	0	1	0
522	6	6	明教_戒火斩	8	1	6	1	0	1	1
523	60	60	明教_极乐引	8	1	60	1	0	1	1
524	15	15	明教_慈悲愿	8	1	15	1	0	1	0
525	120	120	明教_性命海	8	1	120	1	0	1	0
526	60	60	明教_渡厄力	8	1	60	1	0	1	1
527	300	300	明教_朝圣言	8	1	300	1	0	1	1
536	30	30	充值伞30秒cd	0	1	30		0	0	0
537	1	1	明教_暗尘弥散_内CD	8	1	1	1	0	1	0
538	15	15	天罗特殊武器15秒CD	42	1	15		0	0	0
539	10	10	箭弩车5秒	38	1	10		0	0	0
540	30	30	箭弩车30秒	38	1	30		0	0	0
541	2	2	寇岛火炮	21	1	2		0	0	0
542	20	20	钻心刺骨	10	1	20	1	0	1	0
543	45	45	明教_圣明佑	8	1	45	1	0	1	0
544	45	45	明教_圣明佑_45秒CD	8	1	45	1	0	1	0
545	30	30	明教_圣明佑_30秒CD	8	1	30	1	0	1	0
546	60	60	特殊属性雷1min	42	1	60		0	0	0
547	180	180	特殊属性风3min	42	1	180		0	0	0
548	5	5	门派活动_万花机甲_天火劈	46	1	5		0	0	0
549	12	12	门派活动_万花机甲_惊魂踏	46	1	12		0	0	0
550	20	20	门派活动_万花机甲_势不可挡	46	1	20		0	0	0
551	4	4	门派活动_万花机甲_焚野轰	46	1	4		0	0	0
552	10	10	门派活动_万花机甲_千雷爆	46	1	10		0	0	0
553	8	8	门派活动_万花机甲_整甲缮兵	46	1	8		0	0	0
554	15	15	门派活动_万花机甲_重振旗鼓	46	1	15		0	0	0
555	20	20	门派活动_万花机甲_护身盾甲	46	1	20		0	0	0
556	5	5	门派活动扶摇	46	1	5		0	0	0
557	5	5	门派活动千斤坠	46	1	5		0	0	0
558	4	4	门派活动百步穿杨	46	1	4		0	0	0
559	3	3	门派活动乘龙箭	46	1	3		0	0	0
560	5	5	门派活动_甩杆5秒	46	1	5		0	0	0
561	4	4	门派活动_甩杆	46	1	4		0	0	0
562	4	4	门派活动_收杆	46	1	4		0	0	0
563	25	25	明教_无明魂锁	8	1	25	1	0	1	0
564	5	5	明教_暗尘弥散_5秒惩罚CD	8	1	5	1	0	1	0
565	300	300	明教_门派内CD	8	1	300	1	0	1	0
566	14400	14400	监狱_捕快CD	46	1	14400		0	0	0
567	20	20	大战果萌萌_人剑合一	46	1	20		0	0	0
568	15	15	大战果萌萌_剑冲阴阳	46	1	15		0	0	0
569	12	12	大战果萌萌_万剑归宗	46	1	12		0	0	0
570	180	180	大战果萌萌_坐忘无我	46	1	180		0	0	0
571	3600	3600	大战果萌萌_凝神聚气	46	1	3600		0	0	0
572	5	5	大战果萌萌_聂云逐月	46	1	5		0	0	0
573	60	60	烟花筒_爆竹	46	1	60		0	0	0
574	604800	604800	运维补偿用_一周1	13	1	604800		0	0	0
575	604800	604800	运维补偿用_一周2	13	1	604800		0	0	0
576	120	120	劫镖活动_心眼	0	1	120		0	0	0
577	10	10	马嵬坡任务_燃烟惑敌	0	1	10		0	0	0
578	10	10	马嵬坡任务_怒吼慑敌	0	1	10		0	0	0
579	10	10	马嵬坡任务_火牛破敌	0	1	10		0	0	0
580	25	25	凝神聚气CD	3	1	25	1	0	1	0
581	30	30	纯阳_返本归元30秒cd	3	1	30	1	0	1	0
582	30	30	清音诀30秒cd	5	1	30	1	0	1	0
583	30	30	虚空交椅cd1	42	1	30		0	0	0
584	30	30	虚空交椅cd2	42	1	30		0	0	0
585	180	180	90级江湖风府	11	1	180		0	1	0
586	300	300	90级江湖百会	11	1	300		0	1	0
587	300	300	90级江湖外丘	11	1	300		0	1	0
588	180	180	90级江湖太乙	11	1	180		0	1	0
589	300	300	90级江湖脑户	11	1	300		0	1	0
590	0.5	0.5	丐帮按键GCD	7	1	0.5	1	0	1	0
591	0.5	0.5	天策_疾如风aoe	1	1	0.5	1	0	1	0
592	1.5	1.5	阵法gcd	11	1	1.5		0	1	0
593	5	5	大明宫_马球_击球CD	12	1	5		0	0	0
594	8	8	大明宫_马球_冲撞	12	1	8		0	0	0
595	25	25	大明宫_马球_冲刺	12	1	25		0	0	0
596	30	30	蜀犬吠日	7	1	30	1	0	1	1
597	20	20	棒打狗头	7	1	20	1	0	1	1
598	8	8	天下无狗	7	1	8	1	0	1	0
599	20	20	恶狗拦路	7	1	20	1	0	1	0
600	10	10	龙跃于渊	7	1	10	1	0	1	0
601	10	10	龙战于野	7	1	10	1	0	1	0
602	15	15	时乘六龙	7	1	15	1	0	1	0
603	45	45	龙啸九天	7	1	45	1	0	1	1
604	6	6	见龙在田	7	1	6	1	0	1	0
605	60	60	酒中仙	7	1	60	1	0	1	1
606	40	40	烟雨行	7	1	40	1	0	1	1
607	120	120	啸醉狂	7	1	120	1	0	1	1
608	1	1	纯阳_太极无极	3	1	1	1	0	1	0
609	0.3	0.3	天策_灭保护cd	1	1	0.3	1	0	1	0
610	10	10	大明宫_重弩_射击CD	12	1	10		0	0	0
611	1.5	1.5	七秀_剑神无我	4	1	1.5	1	0	1	0
612	40	40	玄水蛊	9	1	40	1	0	1	1
613	5	5	大明宫_船战_技能CD	12	1	5		0	0	0
614	60	60	夺命蛊_友方	9	1	60	1	0	1	1
615	60	60	迷心蛊_友方	9	1	60	1	0	1	1
616	60	60	枯残蛊_友方	9	1	60	1	0	1	1
617	20	20	提针cd	2	1	20	1	0	1	0
618	4	4	华清宫回忆录_演奏CD	12	1	4		0	0	0
619	8	8	天下无狗	7	1	8	1	0	1	0
620	10	10	龙战于野	7	1	10	1	0	1	0
621	40	40	烟雨行表现CD	7	1	40	1	0	1	1
622	1	1	图穷匕见	10	1	1	1	0	1	0
623	8	8	万世不竭_内置cd	3	1	8	1	0	1	0
624	1.5	1.5	蛟龙翻江_保护按键CD	7	1	1.5	1	0	1	0
625	1	1	九转四象cd	3	1	1	1	0	1	0
626	10		门派活动_开炮CD	46	1	20		0	0	0
627	0.5	0.5	天隼击CD	7	1	0.5	1	0	1	0
628	15	15	锻打真CD1	59	1	15		0	0	0
629	15	15	锻打假CD1	59	1	15		0	0	0
630	2	2	射箭CD	59	1	2		0	0	0
631	3	3	暗杀CD	59	1	3		0	0	0
632	10	10	无声疾行CD	59	1	10		0	0	0
633	60	60	乘风而逝	59	1	60		0	0	0
634	0.5	0.5	老无名_延伸打击CD	12	1	0.5		0	0	0
635	30	30	毒煞道具	59	1	30		0	0	0
636	12	12	锻打假CD2	59	1	12		0	0	0
637	12	12	锻打真CD2	59	1	12		0	0	0
638	60	60	大战_令狐伤_召唤军士	46	1	60		0	0	0
639	3	3	畅通无阻cd	59	1	3		0	0	0
640	4	4	赠送美酒	59	1	259200				0
641	4	4	赠送兵器	59	1	259200				0
642	60	60	挂件1min	42	1	60		0	0	0
644	3	3	血战天策_阻援_投石CD	12	1	3		0	0	0
645	5	5	血战天策_躲闪CD	12	1	5		0	0	0
646	2	2	血战天策_狼牙据点_旋转大炮CD	12	1	2		0	0	0
647	40	40	血战天策_狼牙据点_开炮CD	12	1	40		0	0	0
648	0.5	0.5	血战天策_狼牙据点_调整射程CD	12	1	0.5		0	0	0
649	60	60	血战天策_黑齿元佑_还魂CD	12	1	60		0	0	0
650	20	20	血战天策_黑齿元佑_轻声CD	12	1	20		0	0	0
651	3	3	血战天策_狼牙据点_普通炮击	12	1	3		0	0	0
652	75	75	血战天策_雷狼_打断	12	1	75		0	0	0
653	3	3	血战天策_雷狼_箭	12	1	3		0	0	0
654	2	2	血战天策_雷狼_战马_枪	12	1	2		0	0	0
655	3	3	血战天策_阻援_射击CD	12	1	3		0	0	0
656	3	3	血战天策_前线_箭弩CD	12	1	3		0	0	0
657	10	10	测试连招1	0	1	10		0	0	0
658	13	13	测试连招2	0	1	13		0	0	0
659	16	16	测试连招3	0	1	16		0	0	0
660	20	20	连招测试4	0	1	20		0	0	0
664	2.5	2.5	血战天策_药师观_重弩射击	12	1	2.5		0	0	0
666	15	15	血战天策_苏曼莎_意识抑制	12	1	15		0	0	0
667	0.5	0.5	血战天策_战俘营_重弩疾射	12	1	0.5		0	0	0
668	7	7	血战天策_战俘营_重弩强弩	12	1	7		0	0	0
669	8	8	血战天策_战俘营_重弩散射	12	1	8		0	0	0
671	60	60	(671) 血战天策_黑齿元佑_回魂CD	12	1	60		0	0	0
672	2	2	血战天策_黑齿元佑_撕裂CD	12	1	2		0	0	0
673	30	30	势如破竹	61	1	30		0	0	0
674	60	60	加盾	61	1	60		0	0	0
675	3	3	aoe	61	1	3		0	0	0
676	30	30	长cd1	61	1	30		0	0	0
677	600	600	长cd2	61	1	600		0	0	0
678	180	180	长cd3	61	1	180		0	0	0
679	10	10	木武童挂件使用cd	0	1	10		0	0	0
680	2	2	地面丢鞭炮	59	1	259200				0
681	60	60	毛笔cd	0	1	60		0	0	0
682	60	60	秘制火雷	59	1	259200				0
683	0.3	0.3	箭弩车技能cd	0	1	0.3		0	0	0
684	2	2	秦皇陵_二号雷麒麟_穿刺横扫CD	12	1	2		0	0	0
685	60	60	秦皇陵_二号雷麒麟_怒吼CD	12	1	60		0	0	0
686	10	10	秦皇陵_二号雷麒麟_投掷CD	12	1	10		0	0	0
687	45	45	秦皇陵_二号雷麒麟_顶盾CD	12	1	45		0	0	0
688	1.5	1.5	御城・极	62	1	1.5		0	0	0
689	5	5	御城・锋	62	1	5		0	0	0
690	30	30	御城・盾	62	1	30		0	0	0
691	30	30	御城・励	62	1	30		0	0	0
692	1.5	1.5	合吾	62	1	1.5		0	0	0
693	5	5	春点	62	1	5		0	0	0
694	20	20	威武	62	1	20		0	0	0
695	30	30	仁义	62	1	30		0	0	0
696	30	30	哑运	62	1	30		0	0	0
697	10	10	风雪稻香村_卦劲CD	12	1	10		0	0	0
698	30	30	风雪稻香村_千瞬奇门	12	1	30		0	0	0
699	30	30	风雪稻香村_钩爪	12	1	30		0	0	0
700	30	30	风雪稻香村_盘龙卧山	12	1	30		0	0	0
701	30	30	风雪稻香村_霞月长针	12	1	30		0	0	0
702	30	30	风雪稻香村_寒冰真枪	12	1	30		0	0	0
703	60	60	血战天策_阻援_扔石头CD	12	1	60		0	0	0
704	3	3	秦皇陵_三号圣女_移魂换命CD	12	1	3		0	0	0
705	2	2	秦皇陵_安禄山_玩家战车踩踏CD	12	1	2		0	0	0
706	30	30	秦皇陵_安禄山_玩家战车冲锋CD	12	1	30		0	0	0
707	2	2	风雪稻香村_史朝义_炮台攻击	12	1	2		0	0	0
708	7200	7200	玄冰架小极CD2h	42	1	7200		0	0	0
709	1.5	1.5	墨家密殿剑攻击CD	12	1	1.5		0	0	0
710	30	30	捏脸切换	13	1	30		0	0	0
711	30	30	御城・矛	62	1	30		0	0	0
712	1200		墨家密殿限时任务	64	1	2400		0	0	0
713	5	5	神机车_切换状态	65	1	5		0	0	0
714	30	30	咸鱼挂件	14	1	30		0	0	0
715	30	30	神机雷	62	1	30		0	0	0
720	1	1	神机台1秒	65	1	1		0	0	0
721	0.25	0.25	神机台_0.25秒	65	1	0.25		0	0	0
722	15	15	照明弹	65	1	15		0	0	0
723	0.5	0.5	神机台0.5	65	1	0.5		0	0	0
724	30	30	风雪稻香村_玩家技能_觅影瓶	12	1	30		0	0	0
725	10	10	驯养相关之一	66	1	10		0	0	0
726	10	10	驯养相关之二	66	1	10		0	0	0
727	1800		儿童节	46	1	259200				0
728	1800	1800	1儿童节-糖葫芦制造机30分钟	46	1	1800		0	0	0
729	60	60	特殊武器通用1min	42	1	60		0	0	0
730	15	15	六合独尊单体通道CD	3	1	15	1	0	1	0
731	45	45	六合独尊单体buffCD	3	1	45	1	0	1	0
732	3	3	摧城车_投石	65	1	3		0	0	0
733	3	3	摧城车_冲撞	65	1	3		0	0	0
734	3	3	摧城车_切换状态	65	1	3		0	0	0
735	180	180	通用CD一	42	1	180		0	0	0
736	180	180	通用CD二	42	1	180		0	0	0
737	4	0.5	小强强普通左	59	1	7.5		0	0	0
738	4	0.5	小强强普通右	59	1	7.5		0	0	0
739	4	0.5	小强强左爆	59	1	7.5		0	0	0
740	4	0.5	小强强右爆	59	1	7.5		0	0	0
741	600	600	小强强加状态	59	1	600		0	0	0
742	1.5	1.5	小步高四象	59	1	1.5		0	0	0
743	20	20	风雪稻香村_剑罡祛邪	12	1	20		0	0	0
744	5	5	小步高降龙	59	1	5		0	0	0
745	600	600	小步高减伤	59	1	600		0	0	0
746	6	6	胖妹子倒地	59	1	6		0	0	0
747	1.5	1.5	胖妹子单嘲	59	1	1.5		0	0	0
748	600	600	胖妹子加状态	59	1	600		0	0	0
749	1.5	1.5	变身GCD	9	1	1.5	1	0	1	0
750	8	8	变身8sCD	9	1	8	1	0	1	0
751	30	30	驴车_亲吻	0	1	30		0	0	0
752	1.5	1.5	昆仑奴溢伤	59	1	1.5		0	0	0
753	1	1	昆仑奴爆发	59	1	1		0	0	0
754	600	600	昆仑奴加状态	59	1	600		0	0	0
755	10	10	拉帮结伙	59	1	10		0	0	0
756	10	10	书生定身	59	1	10		0	0	0
757	1.5	1.5	书生神机箭	59	1	1.5		0	0	0
758	600	600	书生加状态	59	1	600		0	0	0
759	10	10	踏燕南飞	59	1	10		0	0	0
760	180	180	功夫月饼CD	42	1	180		0	0	0
761	30	30	道具1	64	1	30		0	0	0
762	30	30	道具2	64	1	30		0	0	0
763	30	30	道具3	64	1	30		0	0	0
764	30	30	道具4	64	1	30		0	0	0
765	30	30	道具5	64	1	30		0	0	0
766	30	30	道具6	64	1	30		0	0	0
767	30	30	道具7	64	1	30		0	0	0
768	30	30	道具8	64	1	30		0	0	0
769	30	30	道具9	64	1	30		0	0	0
770	30	30	道具10	64	1	30		0	0	0
771	30	30	道具11	64	1	30		0	0	0
772	30	30	道具12	64	1	30		0	0	0
773	30	30	道具13	64	1	30		0	0	0
774	30	30	道具14	64	1	30		0	0	0
775	30	30	道具15	64	1	30		0	0	0
776	30	30	道具16	64	1	30		0	0	0
777	30	30	道具17	64	1	30		0	0	0
778	30	30	道具18	64	1	30		0	0	0
779	30	30	道具19	64	1	30		0	0	0
780	30	30	道具20	64	1	30		0	0	0
781	30	30	道具21	64	1	30		0	0	0
782	30	30	道具22	64	1	30		0	0	0
783	30	30	道具23	64	1	30		0	0	0
784	30	30	道具24	64	1	30		0	0	0
785	30	30	道具25	64	1	30		0	0	0
786	30	30	道具26	64	1	30		0	0	0
787	30	30	道具27	64	1	30		0	0	0
788	30	30	道具28	64	1	30		0	0	0
789	30	30	道具29	64	1	30		0	0	0
790	30	30	道具30	64	1	30		0	0	0
791	30	30	道具31	64	1	30		0	0	0
792	30	30	道具32	64	1	30		0	0	0
793	30	30	道具33	64	1	30		0	0	0
794	30	30	道具34	64	1	30		0	0	0
796	1.5	0	劫刀	68	1	1.5	1	0	1	0
797	1	0	盾刀三段内部CD	68	1	2	1	0	1	0
798	30	30	无惧CD	68	1	30	1	0	1	1
799	25	25	血怒	68	3	25	1	0	1	1
800	10	10	绝刀	68	1	10	1	0	1	0
801	15	15	斩刀	68	1	15	1	0	1	0
802	12	12	盾压	68	1	12	1	0	1	1
803	15	15	盾猛	68	1	15	1	0	1	0
804	1	0	1秒GCD	68	1	1	1	0	1	0
805	4	4	盾击	68	3	4	1	0	1	0
806	8	8	闪刀	68	1	8	1	0	1	0
807	90	90	盾壁	68	1	90	1	0	1	1
808	0.5	0	盾击内置CD	68	1	1	1	0	1	0
809	35	35	盾墙	68	1	35	1	0	1	1
810	35	35	盾立	68	3	35	1	0	1	1
811	2	2	雁门关之役_战鼓躲避GCD	12	1	2		0	0	0
812	20	20	盾冲	68	1	20	1	0	1	1
813	8	8	盾舞	68	1	8	1	0	1	0
814	90	90	盾护	68	1	90	1	0	1	1
815	0.5	0.5	血怒GCD	68	1	0.5	1	0	1	0
816	0.5	0	血怒特殊CD	68	1	0.5	1	0	1	0
817	0.1	0.1	血怒子技能间CD	68	1	0.1	1	0	1	0
818	18	18	盾飞18秒	68	3	18	1	0	1	0
819	18	18	盾回	68	1	18	1	0	1	0
820	1.5	0	盾飞与GCD一样的CD	68	1	1.5	1	0	1	0
821	1	0	盾击与GCD一样的CD	68	1	1	1	0	1	0
822	1	1	盾飞盾回1秒GCD	68	1	1	1	0	1	0
823	18	18	盾飞5次冲能	68	5	18	1	0	1	0
824	10	10	盾击奇穴修饰后	68	3	10	1	0	1	0
825	20	20	盾击20秒	68	3	20	1	0	1	0
826	20	20	20秒	68	3	20	1	0	1	0
827	22	22	血怒套装-3秒	68	3	22	1	0	1	1
828	45	45	盾毅45	68	1	45	1	0	1	0
829	40	40	盾毅40	68	1	40	1	0	1	0
830	0.5	0.5	太原防守	65	1	0.5		0	0	0
831	2592005	2592005	台湾版大补帖_30天	13	1	2592005		0	0	0
832	90	90	太原之战_火龙摧城_持盾	12	1	90		0	0	0
833	1.5	1.5	盾挡	68	1	1.5	1	0	1	0
834	8	8	隐刀充能	68	5	8	1	0	1	0
835	8	8	八荒额外伤害内置CD	3	1	8	1	0	1	0
836	0.5	0	隐刀0.5	68	1	0.5	1	0	1	0
837	10	10	铁马冰河	59	1	10		0	0	0
838	10	10	新建	59	1	10		0	0	0
839	0.5	0.5	绝刀0.5内置	68	1	0.5	1	0	1	0
840	8	8	盾墙收盾	68	1	8	1	0	1	0
841	1	1	场景1sCD	12	1	1		0	0	0
842	3	3	好友推荐刷新_3秒	13	1	3		0	0	0
843	30	30	飞龙30秒CD	7	1	30	1	0	1	0
844	8	8	帐篷交互CD8秒	13	1	8		0	0	0
845	1800	1800	新的糖葫芦制造机30分	46		1800		0	0	0
846	120	120	毛笔写词1号	13	1	120		0	0	0
847	120	120	毛笔写词2号	13	1	120		0	0	0
848	120	120	毛笔写词3号	13	1	120		0	0	0
849	120	120	毛笔写词4号	13	1	120		0	0	0
850	10	10	毛笔书写公共CD10秒	13	1	10		0	0	0
851	20	20	毛笔四个字CD	0	1	20		0	0	0
852	60	60	长安内城马鞭	59	1	60		0	0	0
853	3	3	藏剑_梅引香3秒CD	6	1	3	1	0	1	0
854	0.5	0.5	拿云各技能分段内置CD	5	1	0.5	1	0	1	0
862	180	180	兰陵王面具CD	42	1	180		0	0	0
863	3	3	举报外挂_3秒	13	1	3		0	0	0
864	1200	1200	1儿童节-制造机2档20分钟	46		1200		0	0	0
865	800	800	1儿童节-制造机3档800秒	46		800		0	0	0
866	533	533	1儿童节-制造机4档533秒	46		533		0	0	0
867	355	355	1儿童节-制造机5档355秒	46		355		0	0	0
868	5	5	丑丑的糖葫芦cd5s	42	1	5		0	0	0
869	600	600	挂件溯回技能	42	1	600		0	0	0
870	150	150	水枪装水CD_150秒	13	1	150		0	0	0
871	180	180	水枪挂件使用CD3分钟	13	1	180		0	0	0
873	50	50	斗室无尘	69	1	50	1	0	1	0
874	90	90	万籁之寂	69	1	90	1	0	1	0
875	240	240	夜引风岚	69	1	240	1	0	1	0
877	240	240	银烛清韵	69	1	240	1	0	1	0
879	50	50	斗室无尘充能	69	2	50	1	0	1	0
881	90	90	万籁之寂充能	69	2	90	1	0	1	0
883	240	240	银烛清韵充能	69	2	240	1	0	1	0
885	240	240	夜引风岚充能	69	2	240	1	0	1	0
887	20	20	清音长啸	69	1	20	1	0	1	0
889	15	15	冲秋冥击退	69	1	15	1	0	1	0
891	8	8	风入松减速	69	1	8	1	0	1	0
893	1	1	角子技能CD	69	1	1	1	0	1	0
895	6	6	羽充能CD	69	3	6	1	0	1	0
897	80	80	笑傲光阴	69	1	80	1	0	1	1
899	80	80	江逐月天	69	1	80	1	0	1	1
901	80	80	云生结海	69	1	80	1	0	1	1
903	80	80	梦逐光	69	1	80	1	0	1	0
905	35	35	气套路GCD	69	1	35	1	0	1	0
907	60	60	气套路2层充能	69	2	60	1	0	1	1
908	180	180	孤影化双	69	1	180	1	0	1	1
909	180	180	杯水留影	69	1	180	1	0	1	0
910	3	3	一指回鸾	69	1	3	1	0	1	0
911	40	40	青霄飞羽	69	1	40	1	0	1	1
912	20	20	羽20秒CD	69	3	20	1	0	1	1
913	25	25	高山流水主动技能CD	69	1	25	1	0	1	1
914	45	45	变身CD	46	1	45		0	0	0
915	15	15	徵_11秒调息	69	1	15	1	0	1	0
916	4	4	阳春白雪_主动4秒CD	69	1	4	1	0	1	0
917	6	6	剑・宫6秒调息	69	1	6	1	0	1	0
918	10	10	剑・羽10秒充能	69	3	10	1	0	1	1
919	20	20	羽变为35秒非充能	69	3	20	1	0	1	1
920	10	10	徵初始检查CD10秒	69	1	10	1	0	1	0
921	20	20	徵初始检查CD20秒	69	1	20	1	0	1	0
922	30	30	徵初始检查CD30秒	69	1	30	1	0	1	0
923	22	22	徵怡神奇穴初始检查CD22秒	69	1	22	1	0	1	0
924	32	32	徵怡神奇穴初始检查CD32秒	69	1	32	1	0	1	0
925	42	42	徵怡神奇穴初始检查CD42秒	69	1	42	1	0	1	0
926	5	5	喂草CD	70	1	5		0	0	0
927	5	5	喂水CD	70	1	5		0	0	0
928	1.5	1.5	治疗CD	70	1	1.5		0	0	0
929	1	1	摔跤比试_回风落叶	70	1	1		0	0	0
930	5	5	摔跤比试_横扫千军	70	1	5		0	0	0
931	180	180	纱伞展开CD三分钟	13	1	180		0	0	0
932	30	30	1号披风使用CD	13	1	30		0	0	0
933	30	30	2号披风使用CD	13	1	30		0	0	0
934	30	30	3号披风使用CD	13	1	30		0	0	0
935	30	30	4号披风使用CD	13	1	30		0	0	0
936	30	30	5号披风使用CD	13	1	30		0	0	0
937	30	30	6号披风使用CD	13	1	30		0	0	0
938	5	5	表现交互公共CD5秒	13	1	5		0	0	0
939	30	30	1号外装CD30秒	13	1	30		0	0	0
940	30	30	2号外装CD30秒	13	1	30		0	0	0
941	30	30	3号外装CD30秒	13	1	30		0	0	0
942	30	30	4号外装CD30秒	13	1	30		0	0	0
943	5	5	摔跤比试_格挡	70	1	5		0	0	0
944	7200	7200	玄冰架极极	42	1	7200		0	0	0
945	120	120	清绝影歌CD	69	1	120	1	0	1	0
946	1.5	1.5	花月别院_韩非池QTE	12	1	1.5		0	0	0
947	8	8	8秒CD	64	1	8		0	0	0
948	30	30	峰值-长歌弟子-江逐月天	46	1	30		0	0	0
949	10	10	峰值-长歌弟子-梅花三弄	46	1	10		0	0	0
950	150	150	花间_听风吹雪	2	1	150	1	0	1	1
951	1800	1800	长歌门预热_挂件使用CD	0	1	1800		0	0	0
952	20	20	疏影横斜20秒充能	69	3	20	1	0	1	1
953	20	20	突_2层充能	1	2	20	1	0	1	1
954	2	2	破坚阵眩晕2帧CD	1	1	2	1	0	1	0
955	60	60	紫气东来3层充能	3	3	60	1	0	1	1
956	40	40	化蝶40秒充能	9	2	40	1	0	1	1
957	35	35	撼地35秒充能	68	2	35	1	0	1	1
958	30	30	盾舞30秒嘲讽效果	68	1	30	1	0	1	0
959	12	12	啸日12秒充能	6	2	12	1	0	1	1
960	6	6	松舍问霞	6	1	6	1	0	1	0
961	30	30	御鸿于天60秒	7	1	30	1	0	1	1
962	50	50	余寒映日2秒	4	1	50	1	0	1	0
963	3	3	形散如烟2秒	4	1	3	1	0	1	0
964	1	1	晓日1秒独立CD	6	1	1	1	0	1	0
965	6	6	守缺6秒充能	5	3	6	1	0	1	1
966	1	1	载具道具通用	65	1	1		0	0	0
967	80	80	折叶笼花3分钟	2	1	80	1	0	1	1
968	105	105	南风吐月3分钟	2	1	105	1	0	1	1
969	5	5	飞花CD_95七秀门派事件	70	1	5		0	0	0
970	90	90	琴音共鸣1分半	69	1	90	1	0	1	0
971	20	20	转落七星	10	3	20	1	0	1	1
972	10	10	神机台_10秒	65	1	10		0	0	0
973	30	30	寒啸千军	68	1	30	1	0	1	1
974	1	0	唐门1秒GCD	10	1	1	1	0	1	0
975	50	50	蚀心蛊70s	9	1	50	1	0	1	1
976	70	70	摧星破月	10	1	70	1	0	1	0
977	30	30	治疗大招CD	9	1	30	1	0	1	0
978	90	90	平沙落雁90	69	1	90	1	0	1	1
979	0.5	0.5	鱼头轻功间隔	69	1	0.5	1	0	1	0
980	180	180	号令三军	1	1	180	1	0	1	1
981	45	45	破重围	1	1	45	1	0	1	1
982	18	18	二业依缘	5	1	18	1	0	1	0
983	15	15	道极承天	3	1	15	1	0	1	0
984	15	15	剑出鸿蒙	3	3	15	1	0	1	1
985	40	40	舍身弘法40s	5	1	40	1	0	1	0
986	300	300	杨胜沙场5分钟	68	1	300	1	0	1	1
987	1.5	0	疏影横斜1.5秒单独GCD	69	1	1.5	1	0	1	0
988	1.5	0	孤影化双1.5秒单独GCD	69	1	1.5	1	0	1	0
989	30	30	5号外装CD30秒	13	1	30		0	0	0
990	30	30	6号外装CD30秒	13	1	30		0	0	0
991	30	30	7号外装CD30秒	13	1	30		0	0	0
992	30	30	8号外装CD30秒	13	1	30		0	0	0
993	30	30	限量抢购道具1	42	1	30		0	0	0
994	30	30	限量抢购道具2	42	1	30		0	0	0
995	30	30	限量抢购道具3	42	1	30		0	0	0
996	30	30	限量抢购道具4	42	1	30		0	0	0
997	30	30	限量抢购道具5	42	1	30		0	0	0
998	30	30	限量抢购道具6	42	1	30		0	0	0
999	30	30	限量抢购道具7	42	1	30		0	0	0
1000	30	30	限量抢购道具8	42	1	30		0	0	0
1001	30	30	限量抢购道具9	42	1	30		0	0	0
1002	30	30	限量抢购道具10	42	1	30		0	0	0
1003	30	30	限量抢购道具11	42	1	30		0	0	0
1004	30	30	限量抢购道具12	42	1	30		0	0	0
1005	30	30	限量抢购道具13	42	1	30		0	0	0
1006	30	30	限量抢购道具14	42	1	30		0	0	0
1007	30	30	限量抢购道具15	42	1	30		0	0	0
1008	30	30	限量抢购道具16	42	1	30		0	0	0
1009	120	120	白鹿游仙2分钟	13	1	120		0	0	0
1010	20	20	烟花道具20秒	13	1	20		0	0	0
1011	7200	7200	背挂虎仔	13	1	7200		0	0	0
1012	120	120	鹤梅伞CD	13	1	120		0	0	0
1013	4	4	盾反	68	1	4	1	0	1	0
1014	30	30	鹤梅伞30秒CD	0	1	30		0	0	0
1015	3	3	鹤梅伞交互CD3秒	13	1	3		0	0	0
1016	1	1	明教_贪魔体关联CD	8	1	1		0	1	0
1017	30	30	扰乱CD_95少林门派事件	70	1	30		0	0	0
1018	15	15	唐门_机甲加速CD	70	1	15		0	0	0
1019	5	5	唐门_机甲减伤CD	70	1	5		0	0	0
1020	8	8	唐门_机甲打断CD	70	1	8		0	0	0
1021	10	10	唐门_连弩群体CD	70	1	10		0	0	0
1022	10	10	唐门_机甲群体攻击CD	70	1	10		0	0	0
1023	5	5	唐门_机甲击飞CD	70	1	5		0	0	0
1024	1	1	丐帮PQ_火雷	0	1	1		0	0	0
1025	360	360	熊猫背挂6分钟CD	0	1	360		0	0	0
1026	20	20	明教_灭火cd	70	1	20		0	0	0
1027	20	20	熊猫背挂吃竹子20秒CD	0	1	20		0	0	0
1028	180	180	如意金箍3分钟CD	42	1	180		0	0	0
1029	30	30	狼头披风30秒CD	13	1	30		0	0	0
1030	30	30	羽毛披风30秒CD	13	1	30		0	0	0
1031	30	30	画卷披风30秒CD	13	1	30		0	0	0
1032	30	30	荷叶披风30秒CD	13	1	30		0	0	0
1033	30	30	燕子披风30秒CD	13	1	30		0	0	0
1034	30	30	粉色披风30秒CD	13	1	30		0	0	0
1035	7200	7200	背挂小熊猫召唤	13	1	7200		0	0	0
1036	30	30	鸟翔碧空	10	1	30	1	0	1	0
1037	60	60	繁音急节充能CD	4	2	60	1	0	1	1
1038	12	12	银针通用随便用	64	1	12		0	0	0
1039	30	30	小熊猫挂件30秒CD	0	1	30		0	0	0
1040	10	10	小熊猫逗弄10秒CD	0	1	10		0	0	0
1041	30	30	9号外装30秒CD	13	1	30		0	0	0
1042	30	30	10号外装30秒CD	13	1	30		0	0	0
1043	60	60	运营扇子1分钟CD	0	1	60		0	0	0
1044	600	600	双人秋千召唤CD	13	1	600		0	0	0
1045	30	30	双人秋千交互30秒CD	13	1	30		0	0	0
1046	60	60	花灯CD-1分钟	46	1	60		0	0	0
1047	30	30	牡丹披风30秒CD	13	1	30		0	0	0
1048	30	30	血凤披风30秒CD	13	1	30		0	0	0
1049	30	30	刀片披风30秒CD	13	1	30		0	0	0
1050	30	30	双翼披风30秒CD	13	1	30		0	0	0
1051	30	30	蓝扇披风30秒CD	13	1	30		0	0	0
1052	30	30	紫樱披风30秒CD	13	1	30		0	0	0
1053	10	10	1儿童节_七彩风车挥舞cd	46	1	10		0	0	0
1054	60	60	端午节-苍竹龙曜CD	46	1	60		0	0	0
1055	60	60	方士_出魂	72	1	60		0	0	0
1056	15	15	方士_招魂	13	1	15		0	0	0
1057	60	60	方士_还魂	72	1	60		0	0	0
1058	20	20	捉影式充能	5	2	20	1	0	1	1
1059	5	5	方士_挖宝	13	1	5		0	0	0
1060	0.5	0.5	沉秋风子技能公共CD	71	1	0.5	1	0	1	0
1061	6	6	崩雪潮调息时间	71	1	6	1	0	1	0
1062	6	6	绝沧海调息时间	71	1	6	1	0	1	0
1063	60	60	驭兽_飞奔CD	13	1	60		0	0	0
1064	10	10	驭兽_特殊攻击CD	13	1	10		0	0	0
1065	120	120	绿林_初级陷阱	72	1	120		0	0	0
1066	180	180	绿林_击飞陷阱	72	1	180		0	0	0
1067	300	300	绿林_隐身陷阱	72	1	300		0	0	0
1068	20	20	镖师_投石问路	72	1	20		0	0	0
1069	2	2	驭兽_普攻CD	13	1	2		0	0	0
1070	30	30	11号外装30秒CD	13	1	30		0	0	0
1071	30	30	12号外装30秒CD	13	1	30		0	0	0
1072	300	300	艺人_座椅	72	1	300		0	0	0
1073	60	60	驭兽技能CD	13	1	60		0	0	0
1074	10	10	冰凝姿态调息时间	71	1	10	1	4	1	0
1075	10	10	雪意姿态调息时间	71	1	10	1	4	1	0
1076	10	10	风体姿态调息时间	71	1	10	1	4	1	0
1078	180	180	绿林_冻住不洗澡	72	1	180		0	0	0
1079	60	60	艺人_开始表演	72	1	60		0	0	0
1080	3	3	大刀状态崩雪潮	71	1	3	1	3	1	0
1081	3	3	大刀状态绝沧海	71	1	3	1	3	1	0
1082	3	3	大刀状态崩雪潮共调息	71	1	3	1	0	1	0
1083	3	3	大刀状态绝沧海共调息	71	1	3	1	0	1	0
1084	60	60	七夕-姻缘草	46	1	60	1	0	0	0
1085	60	60	缘缘召唤cd	46	1	60	1	0	0	0
1086	72000	72000	七夕外装加buff20小时CD	13	1	72000	0	0	0	0
1087	30	30	限量抢购道具17	42	1	30	0	0	0	0
1088	35	35	雷走风行调息时间	71	1	35	1	0	1	0
1089	30	30	延迟伤害调息时间	71	1	30	1	0	1	0
1090	20	20	828蓝白披风20秒CD	13	1	20	0	0	0	0
1091	20	20	828黑甲披风20秒CD	13	1	20	0	0	0	0
1098	20	20	踏宴扬旗调息时间	71	1	20	1	0	1	0
1099	12	12	沉秋风长CD	71	1	12	1	0	1	0
1100	2	2	长歌门特殊武器_萧琴剑CD	12	1	2	0	0	0	0
1101	15	15	苍云特殊武器任务CD_无畏城壁	12	1	15	0	0	0	0
1102	15	15	苍云特殊武器任务CD_寻首击山	12	1	15	0	0	0	0
1103	1	1	协助角色专注辅助CD	12	1	1	0	0	0	0
1104	1	1	协助角色自动运行CD	12	1	1	0	0	0	0
1105	1	1	协助角色集火攻击CD	12	1	1	0	0	0	0
1106	180	180	协助角色切换CD	12	1	180	0	0	0	0
1107	1	1	协助角色指定点移动CD	12	1	1	0	0	0	0
1108	1	1	协助角色终结技CD	12	1	1	0	0	0	0
1109	8	8	绝云逐电调息时间	71	1	8	1	0	1	0
1110	16	16	雷走风切调息时间	71	1	16	1	0	1	0
1111	20	20	割据秦宫调息时间	71	1	20	1	3	1	0
1112	20	20	破釜沉舟调息时间	71	1	20	1	0	1	1
1113	30	30	封渊震煞调息时间	71	1	30	1	3	1	0
1114	30	30	散流霞调息时间	71	1	30	1	3	1	1
1115	30	30	坚壁清野调息时间	71	1	30	1	0	1	1
1116	8	8	大刀绝云逐电调息时间	71	1	8	1	3	1	0
1117	16	16	大刀雷走风切调息时间	71	1	16	1	3	1	0
1118	20	20	大刀踏宴扬旗调息时间	71	1	20	1	3	1	0
1119	1	1	霸刀透支技能保护CD	71	1	1	1	0	1	0
1120	120	120	中秋背挂2分钟CD	13	1	120	0	0	0	0
1121	72000	72000	中秋外装加buff20小时CD	13	1	72000	1	0	0	0
1122	10	10	踏宴扬旗调息减半	71	1	10	1	0	1	0
1123	10	10	大刀踏宴扬旗调息减半	71	1	10	1	3	1	0
1124	4	4	醉斩白蛇触发六秒调息时间	71	1	4	1	0	1	0
1125	30	30	临渊蹈河调息时间	71	1	30	1	0	1	1
1126	18	18	上将军印调息时间	71	1	18	1	0	1	0
1127	0.1	0.1	上将军印内置调息	71	1	0.1	1	0	1	0
1128	12	12	流光充能	8	2	12	1	0	1	1
1129	1	1	流光囚影变充能后自身1秒CD	8	1	1	1	0	1	0
1130	10	10	擒王六式调息	71	1	10	1	0	1	0
1131	60	60	擒龙充能	5	2	60	1	0	1	1
1132	1.5	1.5	擒龙充能1秒自CD	5	1	1.5	1	0	1	0
1133	1	1	擒王六式触发CD	71	1	1	1	0	1	0
1135	6	6	醉斩白蛇首跳检查CD	71	1	6	1	0	1	0
1136	35	35	楚河汉界40秒调息	71	1	35	1	0	1	1
1137	50	50	西楚悲歌50秒调息	71	1	50	1	0	1	1
1138	3	3	双刀3秒调息	71	1	3	1	0	1	0
1139	0.5	0.5	双刀1秒主动	71	1	0.5	1	0	1	0
1140	3	3	大刀3秒调息	71	1	3	1	0	1	0
1141	0.5	0.5	大刀1秒主动	71	1	0.5	1	0	1	0
1142	3	3	鞘刀3秒调息	71	1	3	1	0	1	0
1143	0.5	0.5	鞘刀1秒主动	71	1	0.5	1	0	1	0
1144	1.5	1.5	封渊震煞1.5秒内置	71	1	1.5	1	0	1	0
1145	30	30	黄龙乘云30秒CD	13	1	30		0	0	0
1146	30	30	鎏金火凰30秒CD	13	1	30		0	0	0
1147	30	30	栩栩蝶翼30秒CD	13	1	30		0	0	0
1148	30	30	从云凋雪30秒CD	13	1	30		0	0	0
1149	30	30	从云真意30秒CD	13	1	30		0	0	0
1150	30	30	重缦轻罗30秒CD	13	1	30		0	0	0
1151	1	1	梦逐光内置1秒调息	69	1	1	1	0	1	0
1152	5	5	军阵-举盾	46	1	5	1	0	0	0
1153	30	30	军阵-箭雨	46	1	30	1	0	0	0
1154	30	30	军阵-刺击	46	1	30	1	0	0	0
1155	300	300	军阵-列阵	46	1	300	1	0	0	0
1156	5	5	军阵-卸盾	46	1	5	1	0	0	0
1157	20	20	破釜沉舟变透支	71	1	20	1	2	1	1
1158	1.5	1.5	大刀雷走风切1秒保护CD	71	1	1.5	1	0	1	0
1159	10	10	罗汉解控	5	1	10	1	0	1	0
1160	1	1	捉影充能内置1s	5	1	1	1	0	1	0
1161	30	30	13号外装30秒CD	13	1	30		0	0	0
1162	30	30	14号外装30秒CD	13	1	30		0	0	0
1163	3	3	霸刀狩猎投石CD	70	1	3	1	0	0	0
1164	30	30	霸刀狩猎陷阱CD	70	1	30	1	0	0	0
1165	10	10	霸刀狩猎云箭CD	70	1	10	1	0	0	0
1166	120	120	背挂花门2分钟CD	13	1	120	0	0	0	0
1167	3	3	峰值技能1	46	1	3	1	0	0	0
1168	5	5	峰值技能2	46	1	5	1	0	0	0
1169	15	15	峰值技能3	46	1	15	1	0	0	0
1170	30	30	峰值通用加速	46	1	30	1	0	0	0
1171	20	20	峰值通用加血	46	1	20	1	0	0	0
1172	5	5	峰值活动_安禄山_夜幕星河 10s	46	1	5	1	0	0	0
1173	1.5	1.5	冬至战傲油	46	1	1.5	0	0	0	0
1174	1	1	近聊1秒CD时间	13	1	1	1	0	0	1
1175	20	20	春节龙凤包身披风20秒CD	13	1	20	0	0	0	0
1176	72000	72000	元宵外装加buff20小时CD	13	1	72000	0	0	0	0
1177	600	600	秋千背挂使用CD	13	1	600		0	0	0
1178	30	30	15号外装30秒CD	13	1	30		0	0	0
1179	30	30	16号外装30秒CD	13	1	30		0	0	0
1180	30	30	秋千2交互CD	13	1	30		0	0	0
1181	30	30	表现77号30秒CD	13	1	30	0	0	0	0
1182	30	30	表现78号30秒CD	13	1	30	0	0	0	0
1183	30	30	表现79号30秒CD	13	1	30	0	0	0	0
1184	30	30	表现80号30秒CD	13	1	30	0	0	0	0
1185	30	30	表现81号30秒CD	13	1	30	0	0	0	0
1186	30	30	表现82号30秒CD	13	1	30	0	0	0	0
1187	30	30	滑竿加速30秒CD	13	1	30	0	0	0	0
1188	7200	7200	背挂寻珍味	13	1	7200	0	0	0	0
1189	30	30	梯云纵_独立CD	3	1	30	1	0	1	1
1190	30	30	楚河汉界充能	71	2	30	1	0	1	1
1191	1	1	楚河汉界充能保护	71	1	1	1	0	1	0
1192	30	30	烟雨行充能	7	2	30	1	0	1	1
1194	30	30	烟雨行子技能充能	7	2	30	1	0	1	1
1195	60	60	清明鸳鸯埙	46	1	60	0	0	0	0
1197	0.5	0.5	飞星遁影_回保护CD	10	1	0.5	1	0	1	1
1198	15	15	玄门人剑	3	1	15	1	0	1	0
1199	1	1	竞技场获取战队配置	13	1	5	0	0	0	0
1200	120	120	瑞鹤仙灯2分钟	13	1	120	1	0	0	0
1201	6	6	防止松舍问霞重复读条	6	1	6	1	0	0	0
1204	1	1	拍卖行查询请求CD	13	1	1	1	0	0	1
1206	20	20	518鹤影天青20秒CD	13	1	20	0	0	0	1
1207	600	600	桃花帐篷召唤CD	13	1	600	0	0	0	1
1208	30	30	包身之团扇30秒	0	1	30	0	0	0	1
1209	30	30	包身之折扇30秒	0	1	30	0	0	0	1
1210	30	30	包身之伞舞30秒	0	1	30	0	0	0	1
1211	5	5	端午_龙舟主炮	46	1	5	0	0	0	1
1212	10	10	端午_龙舟冲刺	46	1	10	0	0	0	1
1213	5	5	端午_龙舟撒网	46	1	5	0	0	0	1
1215	8	8	狼车的交互CD8秒	0	1	8	0	0	0	0
1216	1	1	定格功能CD1秒	0	1	1	0	0	0	0
1217	5	5	设定集鼓背挂CD30秒	0	1	30	0	0	0	0
1218	30	30	山秀屏深背挂CD30秒	0	1	30	0	0	0	0
1219	30	30	花马绘背挂CD30秒	0	1	30	0	0	0	0

 -- by 每天涨停@梦江南 $ Jx3UnPack-PAKV3 jx3.mail@gmail.com