id	npcid	kindname	tiptest	position	kindiconpath	kindiconframe	mapid	mapindex	sortindex
0	0						0	0	0
1	0	医术	<text>text="医术也划分多种，万花医术和长歌医术各有千秋" font=162</text>		ui\Image\Minimap\Minimap.UITex	191	1	0	228
1	30	万花医术		15155,28063,1055397;			1	0	230
1	40	长歌医术		26619,9776,1047676;			1	0	229
2	0	裁缝	<text>text="裁缝tip描述" font=162</text>		ui\Image\Minimap\Minimap.UITex	194	1	0	218
2	15346	裁缝1		18604,24988,1053895;;			1	0	220
2	15678	裁缝2		13096,35189,1077229;;			1	0	219
3	0	跨地图交通	<text>text="交通tip描述" font=162</text>		ui\Image\Minimap\Minimap.UITex	123	1	0	221
3	24	车夫		21060,26149,1051105;			1	0	406
4	0	商人	<text>text="商人tip描述" font=162</text>		ui\Image\Minimap\Minimap.UITex	179	1	0	223
4	17	武器商		18129,24500,1053977;			1	0	224
4	28	小吃商		16604,26830,1053928;			1	0	225
4	1182	郎中		14818,26693,1055176;			1	0	226
4	3780	杂货商		14873,29032,1055759;			1	0	227
5	0	仓储・信使・交易师	<text>text="提示：在城市的多个地方均有信使和仓库管理员驻守，可以就近找寻。" font=162</text>				6	0	1022
5	837	交易师・王炽		87418,64696,1054872;			6	0	898
5	3583	仓库管理员・李学胜		62059,59131,1051832;			6	0	899
5	3584	仓库管理员・马智N		56579,56623,1051903;			6	0	900
5	3669	信使・城南交易区		62629, 57787, 1051904;;			6	0	901
5	8137	交易师・高小昆		62833,59398,1052089;			6	0	902
5	8138	信使・城东交易区		86699, 66703, 1054208;			6	0	903
5	8140	信使・日常区		70420, 64300, 1051840;			6	0	904
6	0	长途车夫・短途车夫・船夫					6	0	960
6	3637	长途车夫・苏涵		64304,45899,1052787;			6	0	961
6	3859	船夫・刘海俊		78988,57690,1048761;			6	0	962
6	17591	短途车夫		63584, 45828, 1053312;			6	0	1097
7	0	基础武器・基础衣甲					6	1	1101
7	253	服装商・严正		47386,24742,1051061;			6	1	983
7	274	武器商・徐伟		45597,31081,1049190;			6	1	984
8	0	收书人					6	0	1060
8	494	杂集收书人・赵山河		54109,60110,1052499;			6	0	1061
8	495	道学收书人・武文墨		54011,60114,1052499;			6	0	1062
8	496	佛学收书人・谢断笔		54342,59728,1052572;			6	0	1063
8	5926	高级杂集收书・地字玖玖		54214,59279,1052499;			6	0	1064
9	0	战场接引人					6	0	1077
9	654	恶人谷战场接引人		88750, 73290, 1054208;			6	0	1078
9	6891	浩气盟战场接引人		85185, 73576, 1054208;;			6	0	1079
10	0	名剑大会接引人					6	0	1041
10	16059	名剑大会报名・张英		86865,73763,1055143;			6	0	920
11	0	齐物阁接引人					6	0	928
11	26527	齐物阁接引・孔媛		87084, 74160, 1055040;			6	0	929
12	0	威望・战阶・名剑大会相关商人					6	0	1065
12	1053	浩气盟威望商・别南轩		85081,73902,1054153;			6	0	1066
12	3037	恶人谷威望商・周简白		88913,73877,1054152;			6	0	1067
12	8131	浩气盟战阶商・王雨瑶		85200,74056,1054165;			6	0	1068
12	8132	恶人谷战阶商・董海健		88780,74103,1054148;			6	0	1069
12	16250	阵营名剑套装・许相迎		86487,73640,1055010;			6	0	1070
12	16251	中立名剑套装・王陵		86480,73786,1055143;			6	0	1071
13	0	阵营与装备转换使					6	0	1083
13	1349	帮会阵营总管・玄字伍叁		92576,68439,1058991;			6	0	1084
13	7820	阵营大使・玄字陆捌		92735,68463,1058990;			6	0	1085
13	7821	黑市商人・李守财		92443,68448,1058991;			6	0	1086
15	0	帮会登记人					6	0	1013
15	5745	帮会登记人・玄字贰壹		92496,70090,1058992;			6	0	1014
16	0	帮会领地接引人					6	0	1015
16	4714	帮会家园执事・玄字玖贰		93744,69268,1059323;			6	0	1016
17	0	食物・药品・杂货・五行石商人					6	0	1054
17	2259	杂货商・应云儿		67996,65207,1051919;			6	0	935
17	2261	行脚商・宇文腾龟		67907,64763,1051919;			6	0	936
17	2262	小吃商・习绿枝		74912,63974,1051895;			6	0	937
17	3876	郎中・杨帆		70771,63914,1051895;			6	0	938
17	8808	五行石商人・曾鑫		53738,56644,1051785;			6	0	1055
18	0	马匹・鞍具・饲料・马厩・兽医					6	0	1036
18	3792	兽医・段楚楚		76632, 69876, 1051904;			6	0	914
18	8134	马商・苏志		76495,69969,1051895;			6	0	915
19	0	声望相关兑换商人	<text>text="江湖各大势力，在此均有对应的声望商人。" font=162</text>				6	0	1052
19	3	各势力声望商聚集区		65260, 68326, 1053440;			6	0	1053
20	0	江湖贡献・侠义值兑换商人					6	0	1033
20	1348	侠义值商人・玄字叁玖		92924,70181,1058990;			6	0	1034
20	1495	江湖物资商・玄字柒肆		93676,70182,1059293;			6	0	911
22	0	采金技艺训练师					6	0	1020
22	2287	采金训练师・计河		58459,59073,1051837;			6	0	896
23	0	神农技艺训练师					6	0	1050
23	2286	神农训练师・费砂		55773,56746,1051753;			6	0	931
24	0	庖丁技艺训练师					6	0	1043
24	2284	庖丁训练师・王小石		55433,57504,1051831;			6	0	922
25	0	烹饪技艺训练师					6	0	1045
25	2260	烹饪酒水商・刁元举		57525,56028,1051870;			6	0	924
25	2280	烹饪训练师・邵语秋		58566,56602,1051831;			6	0	925
25	2282	烹饪菜蔬商・刘盼儿		57882,56360,1051836;			6	0	926
25	2283	烹饪调料商・李三爷		57413,56392,1051845;			6	0	927
26	0	裁缝技艺训练师					6	0	1017
26	2275	裁缝训练师・杜小红		55576,58411,1052059;			6	0	893
26	2278	缝纫材料商・牛千针		55605,58841,1052059;			6	0	894
27	0	铸造技艺训练师					6	0	1087
27	2266	铸造训练师・铁头		53859,58391,1051810;			6	0	969
27	2269	铸造材料商・陆燃冰		54511,57654,1051886;			6	0	970
28	0	医术技艺训练师					6	0	1072
28	2263	医术训练师・松若云		57416,61153,1051790;			6	0	953
28	2265	医术材料商・侯天屏		57784,59996,1051845;			6	0	954
29	0	仓储・信使					7	0	1090
29	709	信使・金昀		22278,16103,1159088;			7	0	186
29	710	仓库管理员・高剑		25769,15749,1159080;			7	0	187
30	0	远程武器・暗器子弹					6	0	1075
30	2289	远程武器商・桑怀云		67893,64297,1051957;			6	0	956
31	0	仓储・信使					6	1	1090
31	2586	仓库管理员・杨澄		49773,29820,1052718;			6	1	972
31	3669	扬州信使		45860, 28570, 1049216;			6	1	973
32	0	短途车夫					6	1	1097
32	1	短途驿夫		48981, 32771, 1049216;			6	1	979
33	0	食品・药品・杂货商人					6	1	1118
33	276	郎中・冯德		48776,27441,1049537;			6	1	1000
33	390	小吃商・罗掌柜		42631,24980,1049601;			6	1	1001
33	407	杂货商・王老虎		47199,31108,1048815;			6	1	1002
34	0	少林寺接引人					6	1	1116
34	5439	少林寺接引・澄实		44709,32117,1048969;			6	1	1117
35	0	万花谷接引人					6	1	1126
35	5427	万花谷接引・僧一行		43623,33655,1049365;			6	1	1127
36	0	天策府接引人					6	1	1124
36	5435	天策府接引・曹雪阳		44299,34366,1048989;			6	1	1125
37	0	纯阳宫接引人					6	1	1095
37	5433	纯阳宫接引・卓凤鸣		44286,29804,1049030;			6	1	1096
38	0	七秀坊接引人					6	1	1112
38	5437	七秀坊接引・萧白胭		44065,29241,1049115;			6	1	1113
39	0	五毒教接引人					6	1	1128
39	13800	五毒教接引・五毒长老		43826,32443,1049574;			6	1	1129
40	0	唐门接引人					6	1	1122
40	15903	唐门接引・唐间竹		45002, 34238, 1049152;			6	1	1123
41	0	明教接引人					6	1	1110
41	20001	明教接引・陆烟儿		43398, 29227, 1049728;			6	1	1111
42	0	藏剑山庄接引人					6	1	1093
42	7279	藏剑山庄接引・藏剑老者		44896, 30940, 1049024;			6	1	1094
43	0	丐帮接引人					6	1	1099
43	23814	丐帮接引・马天忌		43693,35080,1049749;			6	1	1100
44	0	老江湖・张六爷					6	1	1108
44	5991	张六爷		48480,32096,1049029;			6	1	1109
45	0	任务起始・许楷龙					6	1	995
45	191	许楷龙		48594,32100,1049043;			6	1	996
46	0	武学训练・枚成才					6	1	1011
46	1247	枚成才		46221,31580,1048977;			6	1	1012
47	0	教书先生					6	1	1133
47	1148	教书先生・沈绿衣		44442,22287,1049845;			6	1	986
48	0	抄书材料供应商					6	0	1028
48	3387	抄书材料商・欧文		53157,59428,1051855;			6	0	906
49	0	敬师堂・纪天下					6	1	1106
49	6514	纪天下		42057,37353,1049074;			6	1	1107
50	0	仓储・信使・交易师					108	0	1022
50	9872	交易师・金易施		65893,71765,1075772;			108	0	401
50	9890	信使・仓库区		64572, 71775, 1072704;			108	0	467
50	9900	仓库管理员・于双海		66230,71084,1076019;			108	0	402
50	9902	信使・驿站		73958, 66590, 1070400;			108	0	115
51	0	长途车夫・短途车夫					108	0	1080
51	9897	长途・轩辕社车夫		73939,64805,1070303;			108	0	175
51	14208	短途・广都镇车夫		73911,64651,1070318;			108	0	176
52	0	收书人					108	0	1060
52	494	杂集收书人・赵山河		61563,64466,1074290;			108	0	1061
52	495	道学收书人・武文墨		61557,64310,1074290;			108	0	1062
52	496	佛学收书人・谢断笔		61574,64166,1074290;			108	0	1063
52	5926	高级杂集收书・地字玖玖		62062,63237,1072653;			108	0	1064
53	0	战场接引人					108	0	1077
53	6551	浩气盟战场接引人		69399,62463,1074067;			108	0	1079
53	6552	恶人谷战场接引人		67537,59645,1074067;			108	0	1078
54	0	名剑大会接引人					108	0	1041
54	16113	名剑大会报名・上官玲		69484,61105,1074061;			108	0	134
55	0	齐物阁接引人					108	0	928
55	26527	齐物阁接引人・孔媛		68538, 59689, 1074112;			108	0	143
56	0	威望・战阶・名剑大会相关商人					108	0	1065
56	1053	浩气盟威望商・别南轩		69436,62768,1074060;			108	0	1066
56	3037	恶人谷威望商・周简白		66769,59489,1074060;			108	0	1067
56	8131	浩气盟战阶商・王雨瑶		69563,62960,1074061;			108	0	1068
56	8132	恶人谷战阶商・董海健		66947,59397,1074060;			108	0	1069
56	16250	阵营名剑套装・许相迎		69466,60783,1074061;			108	0	1070
56	16251	中立名剑套装・王陵		68680,61345,1074061;			108	0	1071
57	0	阵营与装备转换使					108	0	1083
57	1349	帮会阵营总管・玄字伍叁		70460,71306,1074468;			108	0	1084
57	7821	黑市商人・李守财		69788,69897,1074468;			108	0	1086
58	0	帮会登记人 					108	0	455
58	5745	帮会登记人・玄字贰壹		69886,71202,1074481;			108	0	1014
59	0	帮会领地接引人					108	0	1015
59	4714	帮会家园执事・玄字玖贰		71065,70267,1074862;			108	0	1016
60	0	食物・药品・杂货・五行石商人					108	0	1054
60	8808	五行石商人・曾鑫		65074,72981,1073864;			108	0	1055
60	9868	杂货商・郭五津		64515,64203,1072653;			108	0	720
60	14113	药品商・药昊圭		65409,66471,1072653;			108	0	723
61	0	马匹・鞍具・饲料・马厩・兽医					108	0	1036
61	9870	马商・葛突律		73731,66297,1070375;			108	0	128
61	18693	兽医・段方北		73830, 66486, 1070400			108	0	129
62	0	声望相关兑换商人					108	0	1052
62	1	各势力声望商聚集区		56877, 62321, 1074048;			108	0	1053
63	0	江湖贡献・侠义值兑换商人					108	0	1033
63	1348	侠义值商人・玄字叁玖		71039,70105,1074862;			108	0	1034
63	1495	江湖贡献商・玄字柒肆		70559,71127,1074474;			108	0	1035
64	0	远程武器・暗器子弹					108	0	1075
64	14114	远程武器商・常七彪		61584,65870,1072653;			108	0	745
65	0	抄书材料供应商					108	0	1028
65	9854	阅读材料商・黎书彦		60472,63052,1075662;			108	0	120
66	0	采金技艺训练师					108	0	1020
66	9869	高级采金训练师・宗百镐		61630,66583,1072653;			108	0	679
67	0	神农技艺训练师					108	0	1050
67	9879	高级神农训练师・蒙烈行		63328,70009,1072653;			108	0	716
68	0	庖丁技艺训练师					108	0	1043
68	9876	高级庖丁训练师・廉尤志		65216,68721,1072653;			108	0	706
69	0	烹饪技艺训练师					108	0	1045
69	9769	高级烹饪训练师・李虬髯		65382,68140,1072653;			108	0	709
69	9866	烹饪调料商・常伊畅		65318,65767,1072653;			108	0	138
69	14111	烹饪蔬菜商・蔡夜青		63672,71317,1072659;			108	0	139
69	14112	烹饪酒水商・杜不慷		63918,64520,1072653;			108	0	140
70	0	裁缝技艺训练师					108	0	1017
70	9873	高级裁缝训练师・素怀绣		63330,63063,1073733;			108	0	108
70	9874	高级印染训练师・卓桂莲		63135,63425,1072653;			108	0	109
70	9880	高级刺绣训练师・素焕秀		63441,63854,1073770;			108	0	110
70	14364	针线商・阿狸婆婆		63453,64026,1073770;			108	0	677
71	0	铸造技艺训练师					108	0	1087
71	9855	高级武器铸造师・乌壮离		65161,69120,1072653;			108	0	181
71	9875	高级铸造训练师・欧无邪		61644,66370,1072653;			108	0	754
71	9878	高级盔甲铸造师・崔千铠		64351,69251,1072653;			108	0	182
71	14365	炭火商・谭奇山		64172,69099,1072653;			108	0	755
72	0	医术技艺训练师					108	0	1072
72	9775	高级万花医术・甄悦星		61380,68127,1072653;			108	0	165
72	9865	医术材料商・杜离亨		62119,69072,1072653;			108	0	166
72	9877	高级医术训练师・白首翰		61403,68269,1072653;			108	0	743
72	14153	高级江湖医术师・海天鹤		61377,68431,1072656;			108	0	167
73	0	仓储・信使・交易师					15	0	1022
73	850	交易师・张 骞		48244,102266,1062504;			15	0	1024
73	3707	仓库管理员・胡晋		39618,100663,1064708;			15	0	1025
73	3708	信使・储物区		40119, 100225, 1063616;			15	0	1026
73	3709	信使・交易区		49377, 101010, 1061760;			15	0	1023
73	3710	信使・驿站区		41007, 91697, 1061696;			15	0	1027
74	0	长途车夫・短途车夫					15	0	1080
74	3635	长途车夫・包通行		40486,92321,1061683;			15	0	1081
74	17591	短途・驿站车夫		40691, 92233, 1061696			15	0	1098
75	0	收书人					15	0	1060
75	494	杂集收书人・赵山河		42281,100373,1074909;			15	0	1061
75	495	道学收书人・武文墨		42281,100024,1075016;			15	0	1062
75	496	佛学收书人・谢断笔		42281,100099,1075016;			15	0	1063
75	5926	高级杂集收书・地字玖玖		42013,98652,1074909;			15	0	1064
76	0	战场接引人					15	0	1077
76	6891	浩气盟战场接引人		56900, 97382, 1063616			15	0	1079
76	6892	恶人谷战场接引人		57315, 98917, 1063616			15	0	1078
77	0	名剑大会接引人					15	0	1041
77	16114	名剑大会报名人・梅乐		48396,98567,1061738;			15	0	1042
79	0	威望・战阶・名剑大会相关商人					15	0	1065
79	1053	浩气盟威望商・别南轩		57210,98077,1063766;			15	0	1066
79	3037	恶人谷威望商・周简白		57214,98409,1063766;			15	0	1067
79	8131	浩气盟战阶商・王雨瑶		57299,97788,1063766;			15	0	1068
79	8132	恶人谷战阶商・董海健		57292,98670,1063766;			15	0	1069
79	16250	阵营名剑套装・许相迎		48059,98561,1061738;			15	0	1070
79	16251	中立名剑套装・王陵		47999,98792,1061738;			15	0	1071
80	0	阵营与装备转换使					15	0	1083
80	1349	帮会阵营总管・玄字伍叁		56690,99585,1063876;			15	0	1084
80	7820	阵营大使・玄字陆捌		56564,99611,1063851;			15	0	1085
80	7821	黑市商人・李守财		56811,99614,1063826;			15	0	1086
81	0	帮会登记人					15	0	1013
81	5745	帮会登记人・玄字贰壹		57043,100221,1063826;			15	0	1014
82	0	帮会领地接引人					15	0	1015
82	4714	帮会家园执事・玄字玖贰		57050,100661,1063628;			15	0	1016
83	0	食物・药品・杂货・五行石商人					15	0	1054
83	698	杂货商・风临净		53875,100902,1074866;			15	0	1056
83	3710	小吃商・余寅		39815,98518,1063550;			15	0	1057
83	3717	郎中・鲁银海		39408,97329,1065782;			15	0	1058
83	3728	杂货商・姚婕		40156,97299,1063554;			15	0	1059
83	8808	五行石商人・曾鑫		41578,102735,1063664;			15	0	1055
84	0	马匹・鞍具・饲料・马厩・兽医					15	0	1036
84	3790	马商・张春		39798,92237,1061634;			15	0	1037
84	18690	兽医・段小小		39582, 92201, 1061696;			15	0	1038
85	0	声望相关兑换商人					15	0	1052
85	1	各势力声望商聚集区		55660, 103218, 1063552;			15	0	1053
86	0	江湖贡献・侠义值兑换商人					15	0	1033
86	1348	侠义值商人・玄字叁玖		57312,99873,1063628;			15	0	1034
86	1495	江湖贡献商・玄字柒肆		56134,100182,1063647;			15	0	1035
87	0	采金技艺训练师					15	0	1020
87	3772	采金训练师・赵犟		40249,103837,1063565;			15	0	1021
88	0	神农技艺训练师					15	0	1050
88	3775	神农训练师・郑盈		42173,100834,1074919;			15	0	1051
89	0	庖丁技艺训练师					15	0	1043
89	3778	庖丁训练师・吴进旭		41946,102535,1074919;			15	0	1044
90	0	烹饪技艺训练师					15	0	1045
90	3705	烹饪调料商・孔伯堂		40552,98823,1063552;			15	0	1046
90	3708	烹饪蔬菜商・莴笋先生		39895,97756,1063604;			15	0	1047
90	3715	烹饪酒水商・曾少爷		39812,98012,1063550;			15	0	1048
90	3759	烹饪训练师・杨立德		40573,97696,1063568;			15	0	1049
91	0	裁缝技艺训练师					15	0	1017
91	3697	针线商・曹申		39775,102769,1064611;			15	0	1018
91	3757	缝纫训练师・谢文莉		39623,103687,1064591;			15	0	1019
92	0	铸造技艺训练师					15	0	1087
92	3699	炭火商・杨梓呈		40617,103820,1063607;			15	0	1088
92	3755	铸造训练师・金锤		40711,102711,1063579;			15	0	1089
93	0	医术技艺训练师					15	0	1072
93	3704	医术材料商・辛飞燕		39545,97313,1065848;			15	0	1073
93	3751	医术训练师・邱星彩		39334,98200,1065749;			15	0	1074
94	0	远程武器・暗器子弹					15	0	1075
94	3741	远程武器商・何离别		54599,101966,1075067;			15	0	1076
95	0	抄书材料供应商					15	0	1028
95	3696	教书先生・钱公子		41800,99616,1075205;			15	0	1029
96	0	基础武器・基础衣甲					15	1	1101
96	3113	服装商・白天华		27755,47770,1064185;			15	1	1102
96	3339	武器商・秦汉		33226,46760,1060864;			15	1	1103
97	0	仓储・信使					15	1	1090
97	3785	仓库管理员・杨清		28808,47211,1064190;			15	1	1092
97	3786	信使		28536, 45438, 1063872;			15	1	1091
98	0	短途车夫					15	1	1097
98	1	短途・驿站车夫		28642, 44824, 1063680;			15	1	1098
99	0	食品・药品・杂货商人					15	1	1118
99	3108	郎中・孙二		25144,45603,1063917;			15	1	1119
99	3112	小吃商・陶雪		33116,47648,1060864;			15	1	1120
99	3117	杂货商・冒汉生		27100,47611,1064063;			15	1	1121
100	0	少林寺接引人					15	1	1116
100	5439	少林寺接引・澄实		32539,45432,1060864;			15	1	1117
101	0	万花谷接引人					15	1	1126
101	5427	万花谷接引・僧一行		33961,45516,1060864;			15	1	1127
102	0	天策府接引人					15	1	1124
102	5435	天策府接引・曹雪阳		32065,46030,1060864;			15	1	1125
103	0	纯阳宫接引人					15	1	1095
103	5433	纯阳宫接引・卓凤鸣		31926,48056,1060864;			15	1	1096
104	0	七秀坊接引人					15	1	1112
104	5437	七秀坊接引・萧白胭		32562,43889,1063549;			15	1	1113
105	0	五毒教接引人					15	1	1128
105	13800	五毒教接引・五毒长老		35346,44614,1061879;			15	1	1129
106	0	唐门接引人					15	1	1122
106	15903	唐门接引・唐间竹		32952, 44564, 1060864			15	1	1123
107	0	明教接引人					15	1	1110
107	20001	明教接引・陆烟儿		34058, 43928, 1061184			15	1	1111
108	0	藏剑山庄接引人					15	1	1093
108	7279	藏剑山庄接引・藏剑老者		33527, 43914, 1061056;			15	1	1094
109	0	丐帮接引人					15	1	1099
109	23814	丐帮接引・马天忌		31803,49137,1060864;			15	1	1100
110	0	老江湖・张六爷					15	1	1108
110	5991	张六爷		29002,44644,1063622;			15	1	1109
111	0	任务起始・王博					15	1	1114
111	2427	王博		28971,44785,1063682;			15	1	1115
112	0	教书先生					15	1	1133
112	3118	娄磨云		26546,44282,1063160;			15	1	1105
113	0	敬师堂・纪天下					15	1	1106
113	6514	纪天下		35689,50154,1065520;			15	1	1107
114	0	仓储・信使・交易师					8	0	1022
114	1	信使・仓库区		27860, 84844, 1056576;			8	0	467
114	849	交易师・沈万		27466,86001,1056526;			8	0	465
114	3582	仓库管理员・温晋浩		27002,87042,1057576;			8	0	466
114	3583	信使・技艺区		36813, 84909, 1057216;			8	0	685
114	3585	信使・交易区		17514, 87743, 1060160;			8	0	1023
115	0	长途车夫・短途车夫					8	0	1080
115	3636	长途车夫・谢云秋		33952,68033,1052075;			8	0	523
115	17591	短途・驿站车夫		34067, 68038, 1052096;			8	0	1098
116	0	收书人					8	0	1060
116	494	杂集收书人・赵山河		21882,87949,1060110;			8	0	1061
116	495	道学收书人・武文墨		22155,88353,1060202;			8	0	1062
116	496	佛学收书人・谢断笔		22069,88341,1060201;			8	0	1063
116	5926	高级杂集收书・地字玖玖		22531,88382,1060205;			8	0	1064
117	0	战场接引人					8	0	1077
117	6891	浩气盟战场接引人		17971, 82098, 1062784			8	0	1079
117	6892	恶人谷战场接引人		13639, 82688, 1062784			8	0	1078
118	0	名剑大会接引人					8	0	1041
118	16112	名剑大会报名・司马穆云		16275,82688,1063579;			8	0	485
119	0	威望・战阶・名剑大会相关商人					8	0	1065
119	1053	浩气盟威望商・别南轩		17706,82482,1062703;			8	0	1066
119	3037	恶人谷威望商・周简白		14655,82450,1062703;			8	0	1067
119	8131	浩气盟战阶商・王雨瑶		17818,82680,1062744;			8	0	1068
119	8132	恶人谷战阶商・董海健		13916,82164,1062729;			8	0	1069
119	16250	阵营名剑套装・许相迎		15886,82800,1063579;			8	0	1070
119	16251	中立名剑套装・王陵		15891,82272,1063579;			8	0	1071
120	0	阵营与装备转换使					8	0	1083
120	1349	帮会阵营总管・玄字伍叁		13566,86110,1064851;			8	0	1084
120	7820	阵营大使・玄字陆捌		13721,85986,1064851;			8	0	1085
120	7821	黑市商人・李守财		13416,85990,1064851;			8	0	1086
121	0	帮会登记人 					8	0	455
121	5745	帮会登记人・玄字贰壹		12590,87548,1065144;			8	0	1014
122	0	帮会领地接引人					8	0	1015
122	4714	帮会家园执事・玄字玖贰		12554,86990,1064837;			8	0	1016
123	0	食物・药品・杂货・五行石商人					8	0	1054
123	3522	郎中・傅道祥		27168,81076,1054419;			8	0	498
123	3523	小吃商・周红雷		30893,79807,1054990;			8	0	499
123	3537	行脚商・秋灵仙		30280,84566,1053454;			8	0	500
123	8808	五行石商人・曾鑫		35704,85106,1057166;			8	0	1055
124	0	马匹・鞍具・饲料・马厩・兽医					8	0	1036
124	3792	马商・谢全		37066,78250,1057166;			8	0	479
124	18691	兽医・段方西		37617,78300,1057166;			8	0	480
125	0	声望相关兑换商人					8	0	1052
125	1	各势力声望商聚集区		31051, 86868, 1060288;			8	0	1053
126	0	江湖贡献・侠义值兑换商人					8	0	1033
126	1348	侠义值商人・玄字叁玖		14077,87882,1064837;			8	0	1034
126	1495	江湖物资商・玄字柒肆		13563,87787,1064851;			8	0	911
127	0	采金技艺训练师					8	0	1020
127	3502	采金训练师・李铁心		34597,85240,1057181;			8	0	463
128	0	神农技艺训练师					8	0	1050
128	3505	神农训练师・谢禾		35289,83532,1057576;			8	0	494
129	0	庖丁技艺训练师					8	0	1043
129	3506	庖丁训练师・尹洪大立		32130,85039,1053459;			8	0	487
130	0	烹饪技艺训练师					8	0	1045
130	3464	烹饪蔬菜商・何小飞		31619,85085,1053454;			8	0	489
130	3504	烹饪训练师・苏小伦		30988,85189,1053454;			8	0	490
130	3519	烹饪调料商・杜波儿		31299,85125,1053454;			8	0	491
130	3535	烹饪酒水商・香济世		31442,85015,1053454;			8	0	492
131	0	裁缝技艺训练师					8	0	1017
131	3503	裁缝训练师・邹榆		36065,86224,1058044;			8	0	460
131	3529	针线商・韩复康		35995,85905,1057933;			8	0	461
132	0	铸造技艺训练师					8	0	1087
132	3508	铸造训练师・高振伟		34741,85396,1057166;			8	0	530
132	3528	炭火商・陈鼎云		35700,86322,1058384;			8	0	531
133	0	医术技艺训练师					8	0	1072
133	3507	医术训练师・赵婷婷		36048,83958,1057365;			8	0	515
133	3520	医术材料商・郑佳成		36162,83964,1057365;			8	0	516
134	0	远程武器・暗器子弹					8	0	1075
134	3536	远程武器商・百里南风		37264,87188,1060108;			8	0	518
135	0	抄书材料供应商					8	0	1028
135	3527	教书先生・刘云英		22612,88161,1060110;			8	0	471
136	0	基础武器・基础衣甲					8	1	1101
136	2410	武器商・卓不凡		57630,21206,1083558;			8	1	544
136	2411	服装商・白春永		59180,25467,1083805;			8	1	545
137	0	仓储・信使					8	1	1090
137	1	信使		61559, 24779, 1083776;			8	1	1091
137	2585	仓库管理员・罗甫		61550,25643,1083838;			8	1	533
138	0	短途车夫					8	1	1097
138	1	驿站车夫		53868, 23984, 1079936;			8	1	540
139	0	食品・药品・杂货商人					8	1	1118
139	2413	小吃商・崔无过		56065,22151,1081627;			8	1	561
139	2414	杂货商・裘不同		55902,24076,1081745;			8	1	562
140	0	少林寺接引人					8	1	1116
140	5439	少林寺接引・澄实		55489,21782,1080711;			8	1	1117
141	0	万花谷接引人					8	1	1126
141	5427	万花谷接引・僧一行		52418,23863,1079769;			8	1	1127
142	0	天策府接引人					8	1	1124
142	5435	天策府接引・曹雪阳		53867,21664,1081252;			8	1	1125
143	0	纯阳宫接引人					8	1	1095
143	5433	纯阳宫接引・卓凤鸣		54230,24184,1080232;			8	1	1096
144	0	七秀坊接引人					8	1	1112
144	5437	七秀坊接引・萧白胭		55114,23961,1081480;			8	1	1113
145	0	五毒教接引人					8	1	1128
145	13800	五毒教接引・五毒长老		54914,21089,1080709;			8	1	1129
146	0	唐门接引人					8	1	1122
146	15903	唐门接引・唐间竹		52202, 23287, 1079488			8	1	1123
147	0	明教接引人					8	1	1110
147	20001	明教接引・陆烟儿		56766, 22205, 1082304			8	1	1111
148	0	藏剑山庄接引人					8	1	1093
148	7279	藏剑接引・藏剑老者		55788, 22427, 1080768			8	1	536
149	0	丐帮接引人					8	1	1099
149	23814	丐帮接引・马天忌		54546,23599,1080347;			8	1	1100
150	0	老江湖・张六爷					8	1	1108
150	5991	张六爷		53428,24001,1079924;			8	1	1109
152	0	教书先生					8	1	1133
152	2416	教书先生・杨卷益		59820,20381,1083606;			8	1	547
153	0	敬师堂・纪天下					8	1	1106
153	6514	敬师堂・纪天下		55818,27535,1081778;			8	1	1106
154	0	任务起始・王强					8	1	556
154	4943	王强		53637,24005,1079974;			8	1	557
155	0	马匹・鞍具・饲料・马厩					7	0	1135
155	763	马商・燕小霞		45253,29567,1147361;			7	0	194
156	0	基础武器・基础衣甲					7	0	1101
156	725	武器商・吴坤		26839,21882,1160250;			7	0	189
156	1606	服装商・姚卦		25086,22340,1160406;			7	0	190
157	0	食物・药品・杂货商					7	0	845
157	724	郎中・丁乾		26788,25890,1160194;			7	0	207
157	1150	杂货商・韩震		28668,29172,1160194;			7	0	208
157	1151	食品商・杨坎		27397,25174,1160194;			7	0	209
158	0	门派套装商					7	0	869
158	5932	门派套装商・李玄霄		31384,16948,1157696;			7	0	199
159	0	远程武器・暗器子弹					7	0	1075
159	727	远程武器商・潘离		29790,27753,1160242;			7	0	213
160	0	教书先生					7	0	1133
160	726	教书先生・颜巽		27263,27845,1160194;			7	0	192
161	0	门派声望商					7	0	1139
161	1637	甲字声望商・张珞山		31435,17023,1157704;			7	0	196
161	4753	乙字声望商・张博		31377,17080,1157736;			7	0	197
162	0	门派掌门					7	0	1142
162	715	卓凤鸣		8074,11787,1174080;			7	0	201
163	0	侠义值商人					7	0	875
163	7696	套装物资官・李灵霄					7	0	211
164	0	装备洗练师					7	0	216
164	737	装备洗炼师・陆剑平		11416,7960,1171423;			7	0	217
165	0	长途车夫					7	0	1151
165	3742	长途车夫・张洋		43348,3926,1119308;			7	0	215
166	0	仓储・信使					159	0	1090
166	22766	信使・曲达		90157,105042,1102842;			159	0	299
166	24618	仓库管理员・黎颖		64560,66610,1079116;			159	0	300
166	24980	信使・李祥银		64367,66304,1079103;			159	0	301
167	0	仓储・信使					5	0	1090
167	3189	信使・道觉		35139,53099,1127422;			5	0	636
167	3190	仓库管理员・道正		35243,53051,1127423;			5	0	637
168	0	仓储・信使					150	0	1090
168	19240	仓库管理员・塔力甫		62609,76192,1168183;			150	0	574
168	19241	信使・阿里木		63243,76605,1168183;			150	0	575
168	19995	信使・普拉多西		28009,22712,1094372;			150	0	576
169	0	仓储・信使					122	0	1090
169	15239	信使・信使机关猪		99858,76251,1080271;			122	0	759
169	15246	仓库管理员・唐泠		99801,76431,1079865;			122	0	760
169	15291	信使・唐沐依		84430,73116,1085680;			122	0	761
169	15295	仓库管理员・唐弦		84245,72945,1085704;			122	0	762
170	0	仓储・信使					16	0	1090
170	2638	仓库管理员・娜香		31053,32510,1056951;			16	0	607
170	2639	信使・云雁		29086,34139,1056951;			16	0	608
171	0	仓储・信使					102	0	1090
171	9348	信使・苗小昆		27135,86838,1066451;			102	0	858
171	13112	仓库管理员・苗小香		20905,78864,1066451;			102	0	859
172	0	仓储・信使					49	0	1090
172	6641	仓库管理员・叶芳通		72326,68491,1112856;			49	0	71
172	7284	信使・钱仁杰		79743,87547,1113532;			49	0	72
173	0	仓储・信使					2	0	1090
173	109	信使・防风		56135,45704,1133891;			2	0	825
173	114	仓库管理员・朦胧子		57500,42194,1134462;			2	0	826
174	0	仓储・信使					11	0	1090
174	2576	仓库管理员・古亮		58988,19858,1052204;			11	0	794
174	2577	信使・刘班		56679,19764,1052204;			11	0	795
175	0	马匹・鞍具・饲料・马厩					49	0	1135
175	7055	马商・叶宝驹		64711,60574,1112788;			49	0	79
176	0	基础武器・基础衣甲					49	0	1101
176	6653	武器商・叶名刚		71694,68315,1112856;			49	0	74
176	6654	服装商・名刚嫂		71485,68399,1112856;			49	0	75
177	0	食物・药品・杂货商					49	0	845
177	6655	药品商・名华嫂		71987,67269,1112856;			49	0	90
177	6656	杂货商・叶名禄		69599,67176,1112808;			49	0	91
177	6657	食品商・名云嫂		71870,67270,1112822;			49	0	92
178	0	门派套装商					49	0	869
178	6644	套装商・陈珍		72568,85168,1115343;			49	0	84
179	0	远程武器・暗器子弹					49	0	1075
179	6672	远程武器商・叶芳孝		71255,68355,1112883;			49	0	96
180	0	教书先生					49	0	1133
180	6660	教书先生・沈夫子		69636,67348,1112810;			49	0	77
181	0	门派声望商					49	0	1139
181	6648	乙字声望商・叶智		79223,73297,1123425;			49	0	81
181	6649	甲字声望商・叶勇		79065,73291,1123425;			49	0	82
182	0	门派掌门					49	0	1142
182	18761	大庄主・叶英		74562, 64006, 1114880			49	0	86
183	0	侠义值商人					49	0	875
183	7699	套装物资商・叶珍		72560, 85020, 1115392			49	0	94
184	0	装备洗炼师					49	0	886
184	6651	装备洗炼师・叶宁秋		91118,83977,1129884;			49	0	102
185	0	长途船夫					49	0	631
185	7039	长途船夫・叶安福		82401,88583,1113350;			49	0	98
186	0	马匹・鞍具・饲料・马厩					2	0	1135
186	102	马商・苏难行		44991,39578,1116515;			2	0	833
187	0	基础武器・基础衣甲					2	0	1101
187	106	武器商・白颖川		48999,44876,1133699;			2	0	828
187	3846	服装商・邓秀兰		55461,43334,1133794;			2	0	829
188	0	食物・药品・杂货商					2	0	845
188	80	食品商・王知味		78440,54731,1103736;			2	0	846
189	0	门派套装商					2	0	869
189	5939	套装供应商・东方若		46065,46326,1162036;			2	0	838
190	0	远程武器・暗器子弹					2	0	1075
190	112	远程武器商・陆星		49416,44340,1133719;			2	0	852
191	0	教书先生					2	0	1133
191	179	书商・徐书		56801,41659,1133732;			2	0	831
192	0	门派声望商					2	0	1139
192	4743	乙字声望商・杨靖钰		46055,46525,1162149;			2	0	835
192	5987	甲字声望商・王宇		46025,46610,1162180;			2	0	836
193	0	门派掌门					2	0	1142
193	96	代掌门・僧一行		52406,39717,1244632;			2	0	840
194	0	侠义值商人					2	0	875
194	7697	套装物资商・西门雪					2	0	848
195	0	装备洗炼师					2	0	886
195	3665	装备洗炼师・刘芯		50178,47830,1162688;			2	0	856
196	0	长途车夫					2	0	1151
196	3750	长途车夫・向勇		85669,72685,1169291;			2	0	854
197	0	马匹・鞍具・饲料・马厩					16	0	1135
197	2592	马商・花蔓罗		30164,33507,1056951;			16	0	615
198	0	基础武器・基础衣甲					16	0	1101
198	2628	武器商・霜缤		23813,34630,1057310;			16	0	610
198	2629	服装商・金依		23852,34525,1057310;			16	0	611
199	0	食物・药品・杂货商					16	0	845
199	2630	食品商・石佩肴		23332,37048,1057248;			16	0	624
199	2635	杂货商・童兮		30800,32445,1056951;			16	0	625
199	2636	郎中・林丹丹		29288,32482,1057305;			16	0	626
200	0	门派套装商					16	0	869
200	5947	套装供应商・叶蝶衣		16124,13831,1076171;			16	0	620
201	0	远程武器・暗器子弹					16	0	1075
201	2633	远程武器商・安琪		25985,33738,1057336;			16	0	630
202	0	教书先生					16	0	1133
202	2634	教书先生・燕如雨		24658,36431,1057477;			16	0	613
203	0	门派声望商					16	0	1139
203	2637	甲字声望商・齐秀		16245,14442,1071448;			16	0	617
203	4752	乙字声望商・文秀		16237,14028,1071436;			16	0	618
204	0	门派掌门					16	0	1142
204	2131	楚秀・萧白胭		16039,14229,1071394;			16	0	622
205	0	侠义值商人					16	0	875
205	7698	套装物资商・叶紫衣					16	0	628
206	0	装备洗炼师					16	0	886
206	2613	装备洗炼师・盈荷		19679,14932,1057310;			16	0	634
207	0	长途船夫					16	0	631
207	3770	船夫・刘七		22935,8815,1056979;			16	0	632
208	0	马匹・鞍具・饲料・马厩					159	0	1135
208	24974	马商・曲明		90533,105271,1102837;			159	0	308
209	0	基础武器・基础衣甲					159	0	1101
209	22715	武器商・李铁枪		83016,112166,1102842;			159	0	303
209	22767	服装商・曲织		85102,113578,1101629;			159	0	304
210	0	食物・药品・杂货商					159	0	845
210	22775	食品商・钱均儒		86316,113046,1101593;			159	0	318
210	22857	药品商・商贩阿婆		86167,115025,1102827;			159	0	319
211	0	门派套装商					159	0	869
211	24636	套装商・邓烁		64724,65156,1077608;			159	0	312
212	0	远程武器・暗器子弹					159	0	1075
212	22774	远程武器商・曲陶陶		88513,108192,1101614;			159	0	323
213	0	教书先生					159	0	1133
213	24978	教书先生・曲吴悦		84572,108246,1101614;			159	0	306
214	0	门派声望商					159	0	1139
214	22744	门派声望商・莫晓玲		65261,67874,1079353;			159	0	310
215	0	门派掌门					159	0	1142
215	22810	风火神龙・郭岩		64647,81105,1107454;			159	0	314
216	0	侠义值商人					159	0	875
216	22745	侠义值商・邓铱		63656,65649,1077337;			159	0	321
217	0	装备洗炼师					159	0	886
217	24617	装备洗炼师・武匡义		47104,82315,1139803;			159	0	327
218	0	长途船夫					159	0	631
218	22817	舟船总管・孙桨		72935,59065,1093488;			159	0	325
219	0	马匹・鞍具・饲料・马厩					150	0	1135
219	19216	马商・艾尼瓦尔		27883,25442,1093592;			150	0	583
220	0	基础武器・基础衣甲					150	0	1101
220	19245	武器商・萨比尔		66344,76620,1155986;			150	0	578
220	19258	服装商・张易得		25038,24025,1093869;			150	0	579
221	0	食物・药品・杂货商					150	0	845
221	19222	药品商・祖合拉		64522,73980,1157845;			150	0	591
221	19244	杂货商・苏莱曼		64642,73961,1157847;			150	0	592
221	19256	食品商・伽罗		23204,23784,1094764;			150	0	593
222	0	门派套装商					150	0	869
222	19593	套装商・玛依莎		54359,79469,1168227;			150	0	587
223	0	远程武器・暗器子弹					150	0	1075
223	19204	南诏商人・牟利		25452,25271,1094098;			150	0	597
224	0	教书先生					150	0	1133
224	19253	教书先生・阿凡提		23488,24882,1094726;			150	0	581
225	0	门派声望商					150	0	1139
225	19587	声望商・艾莎		54453,81418,1168126;			150	0	585
226	0	门派掌门					150	0	1142
226	19272	明教教主・陆危楼		60301,89617,1256583;			150	0	589
227	0	侠义值商人					150	0	875
227	19588	侠义值商・古丽苏如合		54299,79396,1168165;			150	0	595
228	0	装备洗炼师					150	0	886
228	26370	装备洗炼师・雷古斯		66163,82079,1250955;			150	0	603
229	0	长途车夫					150	0	1151
229	19239	朝圣者・沈平		14745,8751,1101695;			150	0	599
230	0	马匹・鞍具・饲料・马厩					122	0	1135
230	15270	马商・唐放		93678,71651,1072051;			122	0	769
231	0	基础武器・基础衣甲					122	0	1101
231	15211	武器商・唐傲生		84061,72967,1085699;			122	0	764
231	15281	服装商・唐萧萧		99408,74849,1079379;			122	0	765
232	0	食物・药品・杂货商					122	0	845
232	15207	杂货商・唐钰大宝		101256,72495,1080208;			122	0	777
232	15248	药品商・丹药西施		100761,73565,1079547;			122	0	778
232	15249	食品商・唐昭		100918,75358,1079539;			122	0	779
232	15250	食品商・唐钰小宝		101784,74248,1079484;			122	0	780
233	0	门派套装商					122	0	869
233	15292	门派套装商・唐藤新		84366,82262,1085701;			122	0	773
234	0	远程武器・暗器子弹					122	0	1075
234	15252	远程武器商・唐振宇		99438,72918,1079561;			122	0	784
235	0	教书先生					122	0	1133
235	15266	书商・唐吴		93063,68523,1083580;			122	0	767
236	0	门派声望商					122	0	1139
236	15229	甲字声望商・唐无言		84097,82274,1085701;			122	0	771
237	0	门派掌门					122	0	1142
237	15203	翠玉・唐老太太		68492,77856,1112403;			122	0	775
238	0	侠义值商人					122	0	875
238	15293	侠义值商人・唐明空		84402,82118,1085701;			122	0	782
239	0	装备洗炼师					122	0	886
239	26368	装备洗炼师・唐灵		71392,79093,1112342;			122	0	790
240	0	长途车夫					122	0	1151
240	15240	长途车夫・唐硕		105803,77376,1086465;			122	0	786
241	0	马匹・鞍具・饲料・马厩					11	0	1135
241	1652	马商・马成		58982,19758,1052204;			11	0	802
242	0	基础武器・基础衣甲					11	0	1101
242	1653	武器商・吕休		62582,24041,1058076;			11	0	797
242	1654	服装商・赵生		62566,22961,1058077;			11	0	798
243	0	食物・药品・杂货商					11	0	845
243	1655	食品商・典伤		62570,24491,1058076;			11	0	811
243	1660	杂货商・许开		51891,23317,1059764;			11	0	812
243	1661	药品商・司马遁		61384,17694,1052204;			11	0	813
244	0	门派套装商					11	0	869
244	5945	套装供应商・杨泉		58446, 24965, 1070272			11	0	807
245	0	远程武器・暗器子弹					11	0	1075
245	1658	远程武器商・姜思		51809,23427,1059757;			11	0	817
246	0	教书先生					11	0	1133
246	1659	教书先生・黄惊		50588,30099,1052784;			11	0	800
247	0	门派声望商					11	0	1139
247	1662	甲字声望商・夏侯奇		53817,18075,1052204;			11	0	804
247	4754	乙字声望商・夏侯超		53800,18807,1052204;			11	0	805
248	0	门派掌门					11	0	1142
248	1641	军师・朱剑秋		57922,25598,1062764;			11	0	809
249	0	侠义值商人					11	0	875
249	7700	套装物资商・杨立欣		58571, 24970, 1070336			11	0	815
250	0	装备洗炼师					11	0	886
250	1649	装备洗炼师・张孝文		62554,22491,1058076;			11	0	823
251	0	长途车夫					11	0	1151
251	3740	长途车夫・陈省		59864,8887,1049324;			11	0	819
252	0	马匹・鞍具・饲料・马厩					5	0	1135
252	16745	马商・慧训		32227,53136,1127315;			5	0	647
253	0	基础武器・基础衣甲					5	0	1101
253	613	服装商・慧量		55323,59418,1127424;			5	0	639
253	1252	武器商・童铁鑫		31421,52688,1127248;			5	0	640
253	1253	服装商・成光甫		31726,51857,1127279;			5	0	641
254	0	食物・药品・杂货商					5	0	845
254	551	药品商・慧恩		45414,42798,1122431;			5	0	656
254	567	食品商・成伯		32195,45901,1122475;			5	0	657
254	1250	杂货商・肖游泰		32271,52399,1127327;			5	0	658
256	0	远程武器・暗器子弹					5	0	1075
256	614	远程武器商・慧衡		55216,59421,1127426;			5	0	662
257	0	教书先生					5	0	1133
257	553	教书先生・道元		52201,40024,1122431;			5	0	643
258	0	门派声望商					5	0	1139
258	578	甲字声望商・道光		50075,44770,1122420;			5	0	649
258	4716	乙字声望商・道悟		50080,44693,1122419;			5	0	650
259	0	门派掌门					5	0	1142
259	640	方丈・玄钟		45455,65287,1131136;			5	0	652
261	0	装备洗炼师					5	0	886
261	532	装备洗炼师・慧恒		45035,65134,1131133;			5	0	666
262	0	长途车夫					5	0	1151
262	2704	长途车夫・高嘉		7753,13609,1048931;			5	0	664
263	0	马匹・鞍具・饲料・马厩					102	0	1135
263	13115	马商・苗小封		24856,60754,1053612;			102	0	866
264	0	基础武器・基础衣甲					102	0	1101
264	13113	服装商・苗小薰		29344,85366,1066451;			102	0	861
264	13114	武器商・苗小铁		30574,86647,1066451;			102	0	862
265	0	药品・杂货商					102	0	877
265	9429	杂货商・苗老商		29193,85444,1066451;			102	0	878
265	9446	药品商・苗老药		28986,86513,1066451;			102	0	879
266	0	门派套装商					102	0	869
266	9507	门派套装商・苗小放		28273,86476,1066451;			102	0	870
267	0	远程武器・暗器子弹					102	0	1075
267	9377	远程武器商・苗小醉		30750,86583,1066451;			102	0	883
268	0	教书先生					102	0	1133
268	9373	阅读材料供应商・楚天思		20801,77961,1066451;			102	0	864
269	0	门派声望商					102	0	1139
269	9384	甲字声望商・许周		22014,78642,1066444;			102	0	868
270	0	门派掌门					102	0	1142
270	9331	五毒教教主・曲云		16865,90831,1075342;			102	0	872
271	0	侠义值商人					102	0	875
271	9508	侠义值物资商・苗小岩		28620,85327,1066451;			102	0	876
272	0	装备洗炼师					102	0	886
272	9468	装备洗炼师・蓝盈盈		35327,62241,1061754;			102	0	887
273	0	长途车夫					102	0	1151
273	9416	车夫・苗小沙		25237,61204,1053753;			102	0	885
274	0	接引入门					5	0	644
274	552	菩提院首座・澄理		45398,46425,1127424;			5	0	645
275	0	入门接引					102	0	873
275	9340	长老・艾黎		34400,63970,1059592;			102	0	874
276	0	入门接引					49	0	873
276	6628	二庄主・叶晖		78522,72617,1118129;			49	0	88
277	0	采金训练师					49	0	791
277	8675	采金技艺训练・叶芳赵		89328,81320,1125510;			49	0	69
278	0	铸造训练师					49	0	820
278	6663	铸造技艺训练・叶芳达		89767,81909,1125512;			49	0	100
279	0	神农训练师					5	0	843
279	564	神农技艺训练・道因		33340,54515,1127413;			5	0	654
280	0	医术训练师					5	0	880
280	565	医术技艺训练・道果		33229,54455,1127421;			5	0	660
281	0	神农训练师					2	0	843
281	8674	神农训练师・骆茶茶		57242,37624,1133727;			2	0	844
282	0	医术训练师					2	0	880
282	3833	医术训练师・何颖		57106,37634,1133727;			2	0	850
283	0	庖丁训练师					7	0	202
283	8673	庖丁训练师・孙犁		27147,24127,1160315;			7	0	203
284	0	烹饪训练师					7	0	315
284	3826	烹饪训练师・孙陶		27244,23921,1160283;			7	0	205
285	0	采金训练师					11	0	791
285	427	采金训练师・张五龙		66760,16036,1052500;			11	0	792
286	0	铸造训练师					11	0	820
286	3828	铸造训练师・张五哥		66510,16028,1052500;			11	0	821
287	0	裁缝训练师					16	0	604
287	3834	裁缝训练师・陶彩娟		40743,31090,1057065;			16	0	605
288	0	采金训练师					122	0	791
288	16264	采金训练师・唐勋		98971,73232,1079617;			122	0	757
289	0	铸造训练师					122	0	820
289	15254	铸造训练师・唐轶		98420,73104,1079522;			122	0	788
290	0	采金训练师					150	0	791
290	20007	采金训练师・何朝礼		53689,81127,1168125;			150	0	572
291	0	铸造训练师					150	0	820
291	20000	铸造训练师・武元贺		53963,81423,1168125;			150	0	601
292	0	烹饪训练师					159	0	315
292	22797	烹饪训练师・蒋勤		89849,107415,1104849;			159	0	316
293	0	医术训练师					102	0	880
293	9467	医术训练师・蓝灵嫣		40177,65087,1051838;			102	0	881
294	0	入门接引					2	0	873
294	99	药王・孙思邈		46332,47544,1162265;			2	0	842
295	0	淬炼技艺训练师					108	0	1030
295	36787	淬炼训练师・薛义		62526,69040,1072645;			108	0	1032
295	36788	淬炼材料商・郑铸		62751,69053,1072645;			108	0	1031
296	0	淬炼技艺训练师					15	0	1030
296	36787	淬炼训练师・薛义		40215,103568,1063565;			15	0	1032
296	36788	淬炼材料商・郑铸		40784,103729,1063577;			15	0	1031
297	0	淬炼技艺训练师					6	0	1030
297	36787	淬炼训练师・薛义		53509,58770,1051791;			6	0	1032
297	36788	淬炼材料商・郑铸		53346,58776,1051717;			6	0	1031
298	0	淬炼技艺训练师					8	0	1030
298	36787	淬炼训练师・薛义		34997,86211,1058384;			8	0	1032
298	36788	淬炼材料商・郑铸		35246,86398,1058384;			8	0	1031
299	0	门派套装商					193	0	869
299	38159	套装商・于小寂		52327,14270,1068910;			193	0	49
299	38164	套装商・安婉言		52330,14505,1068902;			193	0	48
300	0	仓储・信使					193	0	1090
300	37997	信使・江君		52149,17209,1069411;			193	0	32
300	37999	仓库管理员・王晋		52089,17443,1069272;			193	0	33
300	41614	仓库管理员・成文浩		22146,23353,1085299;			193	0	30
300	41616	信使・阮小文		22121,22855,1085299;			193	0	31
301	0	门派声望商					193	0	1139
301	38165	乙字声望商・李邺		52226,15784,1069335;			193	0	45
301	38166	甲字声望商・孙娟		52233,15637,1069304;			193	0	46
302	0	基础武器・基础衣甲					193	0	1101
302	37996	服装商・孙夏萍		63728,13657,1091563;			193	0	35
302	38001	远程武器商・张君若		64189,23692,1090812;			193	0	60
302	38002	武器商・苏晓晨		64177,23508,1090775;			193	0	36
303	0	食品・药品・杂货					193	0	52
303	37808	菜贩・王海芸		65590,23411,1090809;			193	0	53
303	37809	酒商・苏韵澈		65706,23332,1090808;			193	0	54
303	37981	小吃商・宋文茜		65672,24032,1090816;			193	0	55
303	37993	酱料商・韩宇		65718,23937,1090810;			193	0	56
303	38000	杂货商・笑老板		57869,17710,1077334;			193	0	57
303	38174	药品商・莫倾烟		64237,24229,1090790;			193	0	58
304	0	马匹・鞍具・饲料・马厩					193	0	1135
304	37998	马商・钱卷书		46490,30868,1072241;			193	0	41
305	0	教书先生					193	0	1133
305	37995	教书先生・黄心怡		72441,19579,1099352;			193	0	39
306	0	铸造技艺训练师					193	0	1087
306	37803	炭火商・刘茂		64320,25214,1090889;			193	0	64
306	40851	铸造技艺训练・燕绿度		64403,25026,1090844;			193	0	65
307	0	采金技艺训练师					193	0	1020
307	40852	采金技艺训练师・长孙无声		64426,24770,1090812;			193	0	28
308	0	长途车夫					193	0	1151
308	41113	长途车夫・江芊纤		37749,4090,1124447;			193	0	62
309	0	远程武器・暗器子弹					193	0	1075
309	38001	远程武器商・张君若		64189,23692,1090812;			193	0	60
310	0	门派掌门					193	0	1142
310	37678	苍云统帅・长孙忘情		31379,23078,1087905;			193	0	51
311	0	装备洗炼师					193	0	886
311	41606	装备洗炼师・董玄		52510,14363,1068928;			193	0	67
312	0	门派大师兄					193	0	1138
312	40876	门派大师兄		43641,23045,1070272			193	0	1138
313	0	帮会登记人					194	0	1013
313	5745	帮会登记人・玄字贰壹		20163,71173,1143199;			194	0	1014
314	0	帮会领地接引人					194	0	1015
314	4714	帮会家园执事・玄字玖贰		19372,71699,1143498;			194	0	1016
315	0	裁缝技艺训练师					194	0	1017
315	9873	高级缝纫训练师・素怀绣		13909,75030,1137862;			194	0	676
315	14364	针线商・阿狸婆婆		13878,75449,1137879;			194	0	677
316	0	采金技艺训练师					194	0	1020
316	9869	高级采金训练师・宗百镐		14477,77006,1137854;			194	0	679
317	0	仓储・信使・交易师					194	0	1022
317	1	信使・交易区		15718, 61330, 1142976			194	0	1023
317	2	仓库管理・交易区		15177, 61579, 1143360			194	0	681
317	5	仓库管理・技艺区		14680, 74766, 1137920			194	0	682
317	9872	交易师・技艺区		14991, 74632, 1137920			194	0	683
317	9900	交易师・交易区		14770, 60216, 1143104			194	0	684
317	37117	信使・技艺区		15379, 74678, 1137856			194	0	685
318	0	抄书材料供应商					194	0	1028
318	9854	阅读材料供应商・黎书彦		14884,69967,1143044;			194	0	688
319	0	淬炼技艺训练师					194	0	1030
319	36787	淬炼技艺训练师・薛义		15805,76707,1137853;			194	0	690
319	36788	淬炼材料商・郑铸		15516,76790,1137853;			194	0	1031
320	0	江湖贡献・侠义值兑换商人					194	0	1033
320	1348	侠义值商人・玄字叁玖		18559,71580,1143199;			194	0	1034
320	1495	江湖物资商・玄字柒肆		18564,71455,1143199;			194	0	911
321	0	马匹・鞍具・饲料・马厩・兽医					194	0	1036
321	42379	马商・霍尔斯		23310,68658,1133680;			194	0	699
321	42382	兽医・刀一可		23023,68641,1133680;			194	0	700
322	0	名剑大会接引人					194	0	1041
322	16059	名剑大会报名人・张英		19408,59344,1143097;			194	0	704
323	0	庖丁技艺训练师					194	0	1043
323	9876	高级庖丁训练师・廉尤志		16799,77178,1137863;			194	0	706
324	0	烹饪技艺训练师					194	0	1045
324	9769	高级烹饪训练师・李虬髯		16616,77188,1137858;			194	0	709
324	9866	调味品商・常伊畅		17006,76893,1137859;			194	0	710
324	14111	蔬菜商・蔡夜青		16286,77033,1137853;			194	0	711
324	14112	酒商・杜不慷		22960,75466,1133685;			194	0	708
325	0	神农技艺训练师					194	0	1050
325	9879	高级神农训练师・蒙烈行		17042,74966,1137858;			194	0	716
326	0	声望相关兑换商人					194	0	1052
326	1	各势力声望商聚集区		15033, 70338, 1143104			194	0	1053
327	0	食物・药品・杂货・五行石商人					194	0	1054
327	8808	五行石商人・曾鑫		15272,60467,1143044;			194	0	1055
327	9867	背包商・包卜川		22866,72917,1133680;			194	0	722
327	9868	杂货商・郭五津		22794,73540,1133680;			194	0	720
327	14113	药品商・药昊圭		23398,70993,1133665;			194	0	723
327	40810	杂货商・王剑宇		23294,67682,1137387;			194	0	721
327	42380	礼品商・麦丽丽		22951,69355,1133665;			194	0	725
327	42381	小吃商・庞小小		23429,72083,1133665;			194	0	724
328	0	收书人					194	0	1060
328	494	杂集收书人・赵山河		14994,70559,1143083;			194	0	1061
328	495	道学收书人・武文墨		14756,70432,1143044;			194	0	1062
328	496	佛学收书人・谢断笔		14745,70343,1143044;			194	0	1063
328	5926	高级杂集收书人・地字玖玖		14835,70047,1143044;			194	0	730
329	0	威望・战阶・名剑大会相关商人					194	0	1065
329	1053	浩气盟威望商・别南轩		20039,59576,1143085;			194	0	1066
329	3037	恶人谷威望商・周简白		18757,59582,1143091;			194	0	1067
329	8131	浩气盟战阶商・王雨瑶		20037,59463,1143085;			194	0	1068
329	8132	恶人谷战阶商・董海健		18756,59463,1143091;			194	0	1069
329	16250	阵营名剑套装・许相迎		19023,60196,1143066;			194	0	1070
329	16252	中立名剑套装・南宫逸		18945,60139,1143066;			194	0	735
330	0	医术技艺训练师					194	0	1072
330	9877	高级医术训练师・白首翰		17042,74070,1137870;			194	0	743
330	42385	医术材料供应商・蒙风行		17040,74717,1137858;			194	0	742
331	0	远程武器・暗器子弹					194	0	1075
331	14114	远程武器商・常七彪		23072,70167,1133665;			194	0	745
332	0	战场接引人					194	0	1077
332	6552	恶人谷战场接引人		19034,59721,1143240;			194	0	1078
332	25673	浩气盟战场接引人		19772,59710,1143240;			194	0	1079
333	0	区域交通・门派接引					194	0	712
333	7598	阵营与门派接引人		23543,63062,1133660;			194	0	713
333	41104	太原驯鹰人・奚呱		23316,63145,1133760;			194	0	714
334	0	阵营与装备转换使					194	0	1083
334	1349	帮会阵营总管・玄字伍叁		19235,71692,1143498;			194	0	1084
334	7820	阵营大使・玄字陆捌		19508,71685,1143498;			194	0	1085
334	7821	黑市商人・李守财		18765,71111,1143204;			194	0	1086
335	0	铸造技艺训练师					194	0	1087
335	9875	高级铸造训练师・欧无邪		14933,76836,1137853;			194	0	754
335	14365	炭火商・谭奇山		14393,76755,1137853;			194	0	755
336	0	基础武器・基础衣甲					194	0	1101
336	9772	武器商・武奇申		23479,69982,1133665;			194	0	693
336	9862	服装商・吴湘桂		23520,73283,1133675;			194	0	694
337	0	背包商・特殊商人					194	0	671
337	7288	剑庐火工头子・叶鸦		15278,70684,1143044;			194	0	672
337	9867	背包商・包卜川		22866,72917,1133680;			194	0	722
337	14110	稀世材料商・法劳绍		22485,73834,1133685;			194	0	673
338	0	试炼之地接引人					194	0	728
338	17612	试炼之地接引人		22884,63089,1133670;			194	0	728
339	0	仓储・信使					25	0	1090
339	4727	帮会仓库总管・程志		39305,30571,1125680;			25	0	340
339	4731	信使・吴封		37400,36501,1120430;			25	0	341
339	4732	仓库总管・张释		39010,30880,1125680;			25	0	342
340	0	浩气盟盟主					25	0	346
340	5308	浩气盟盟主・谢渊		44555,23854,1136131;			25	0	347
341	0	长途车夫					25	0	1151
341	977	车夫・申行		36087,45953,1086383;			25	0	390
342	0	烹饪技艺训练师					25	0	1045
342	4733	初级烹饪训练师・魏襄		49532,27956,1121860;			25	0	365
342	5447	烹饪酱料商・五味王		39726,27964,1125046;			25	0	366
342	5458	烹饪蔬菜商・南山凤妪		38757,25473,1125046;			25	0	367
343	0	食物・药品・杂货商人					25	0	370
343	1052	杂货商・呼晴		74328,21041,1061970;			25	0	373
343	2422	杂货商・封伯		12168,91383,1059566;			25	0	374
343	5164	杂货商・静儿		15246,57861,1075699;			25	0	371
343	5175	杂货商・唐吉		4677,25384,1062129;			25	0	372
343	5448	小吃商・南海神厨		41286,26937,1125046;			25	0	375
343	5449	杂货商・白秀山		40342,25566,1125046;			25	0	376
343	5451	郎中・秋岳		39191,26661,1125046;			25	0	377
343	5720	礼品商・邱月圆		40319,22222,1125046;			25	0	378
343	36504	杂货商・莫云		43561,41655,1126181;			25	0	379
344	0	基础武器・基础衣甲					25	0	1101
344	5445	服饰商・李霞衣		39846,23208,1125046;			25	0	359
344	5452	暗器商・邓凌风		41715,24265,1125046;			25	0	360
344	5459	武器商・向鼎天		41665,24433,1125046;			25	0	361
345	0	书籍・阅读材料商					25	0	380
345	5453	书籍・阅读材料商・江山指		40392,25825,1125046;			25	0	381
346	0	医术技艺训练师					25	0	1072
346	4735	初级医术训练师・牛小兰		48627,25229,1121860;			25	0	387
346	5450	医术材料商・薛无寿		47853,25155,1121860;			25	0	388
347	0	神农技艺训练师					25	0	1050
347	4738	初级神农训练师・徐甘		48094,25175,1121860;			25	0	369
348	0	采金技艺训练师					25	0	1020
348	4740	初级采金训练师・白烈		47954,28209,1121860;			25	0	338
349	0	锻造技艺训练师					25	0	343
349	4736	初级锻造训练师・杨童		47707,28315,1121860;			25	0	344
349	5724	炭火商・铁铸刚		48203,27892,1121860;			25	0	345
350	0	庖丁技艺训练师					25	0	1043
350	1063	初级庖丁训练师・刘景		51402,27317,1121860;			25	0	363
351	0	裁缝技艺训练师					25	0	1017
351	4722	初级裁缝训练师・玉小娥		51336,26255,1121860;			25	0	335
351	5457	针线商・秦三娘		51320,26474,1121860;			25	0	336
352	0	帮会仓库总管					25	0	328
352	4727	帮会仓库总管・程志		39305,30571,1125680;			25	0	340
353	0	帮会阵营执事					25	0	332
353	4726	帮会阵营执事・季如风		44579,45274,1125046;			25	0	333
354	0	帮会物资商					25	0	330
354	4728	甲字帮会物资商・柳修		47994,45297,1125046;			25	0	331
355	0	浩气盟声望兑换商					25	0	348
355	5454	浩气盟声望商・玉剑尘		49961,41552,1125674;			25	0	349
356	0	威望・战阶相关商人					25	0	382
356	1053	浩气盟威望商・别南轩		49392,40691,1125674;			25	0	1066
356	4742	乙字阵营物资商・苏碧		49638,42074,1125674;			25	0	383
356	8131	浩气盟战阶商・王雨瑶		49542,40396,1125670;			25	0	1068
357	0	浩气七星					25	0	350
357	5130	玉衡・司空仲平		9029, 62850, 1059968			25	0	351
357	5135	开阳・可人		36579, 78146, 1059328			25	0	352
357	5193	天权・张桎辕		74235, 20960, 1062016			25	0	353
357	5194	天玑・翟季真		51041, 31529, 1128768			25	0	354
357	5195	摇光・月弄痕		74788, 63077, 1067904			25	0	355
357	5196	天璇・影		33398, 21363, 1103936			25	0	356
357	5308	天枢・谢渊		44555,23854,1136131;			25	0	357
358	0	长途车夫					27	0	1151
358	4715	车夫・丁远倡		40008,26289,1071725;			27	0	294
359	0	食品・药品・杂货商人					27	0	1118
359	695	礼品商・陆松月		38534,58030,1097791;			27	0	275
359	697	杂货商・潘学众		46378,66317,1114022;			27	0	276
359	700	背包商・时记倚		38935,57977,1097791;			27	0	277
359	702	郎中・田瑰常		38294,58380,1097791;			27	0	278
359	705	小吃商・葛湃康		55082,57920,1088932;			27	0	279
359	2023	杂货商・三眼豹子		47556,29997,1076029;			27	0	280
359	36503	杂货商・莫白		50136,67259,1114060;			27	0	274
360	0	烹饪技艺训练师					27	0	1045
360	670	初级烹饪训练师・牛吞日		53569,57329,1088816;			27	0	260
360	738	烹饪蔬菜商・曾志蓓		40222,56684,1086655;			27	0	261
360	751	烹饪酱料商・岳留祥		55652,58178,1089059;			27	0	262
360	4766	烹饪酒水商・李熏		39118,58341,1097671;			27	0	263
361	0	庖丁技艺训练师					27	0	1043
361	678	初级庖丁训练师・白沛天		57088,58984,1089339;			27	0	258
362	0	仓储・信使					27	0	1090
362	2017	信使・仓库区		50827,64206,1114112;			27	0	467
362	4711	仓库总管・散财翁		50322,62942,1115362;			27	0	241
362	4712	仓库总管・曹正雄		49973,63054,1115362;			27	0	242
362	4746	帮会仓库总管・萧烽		50144,62990,1115362;			27	0	240
362	25636	信使		48476,57216,1089792;			27	0	1091
363	0	帮会仓库总管					27	0	328
363	4746	帮会仓库总管・萧烽		50144,62990,1115362;			27	0	240
364	0	神农技艺训练师					27	0	1050
364	681	初级神农训练师・张知鱼		33521,60379,1100821;			27	0	265
365	0	医术技艺训练师					27	0	1072
365	664	初级医术训练师・秋凝丝		32529,62048,1103768;			27	0	289
365	764	医术材料商・王建一		32374,62405,1103768;			27	0	290
366	0	缝纫技艺训练师					27	0	249
366	674	初级缝纫训练师・林冬忆		37504,67635,1105937;			27	0	250
366	803	针线商・区慧		36655,68056,1105909;			27	0	251
367	0	基础武器・基础衣甲					27	0	1101
367	692	武器商・岳知科		47888,68540,1114072;			27	0	253
367	693	暗器商・袁映旭		42227,57524,1086655;			27	0	254
367	694	服装商・宁曲依		35968,68036,1105867;			27	0	255
367	2013	武器商・谢天狼		48408,27043,1076029;			27	0	256
368	0	铸造技艺训练师					27	0	1087
368	667	初级铸造训练师・刁山虎		47227,69790,1114072;			27	0	296
368	799	炭火商・范定官		48027,69852,1114072;			27	0	297
369	0	采金技艺训练师					27	0	1020
369	689	初级采金训练师・元千山		49476,59587,1089219;			27	0	238
371	0	威望・战阶相关商人					27	0	382
371	3037	恶人谷威望商・周简白		51386,69537,1114146;			27	0	1067
371	4668	乙字阵营物资商・厉景		50736,69253,1123149;			27	0	284
371	4724	恶人谷战阶商・黄龙星		51483,69413,1123123;			27	0	285
371	8132	恶人谷战阶商・董海健		51642,69366,1114151;			27	0	1069
372	0	战场接引人					27	0	1077
372	4723	神农洇接引人・乐不平		51308,69301,1123123;			27	0	292
373	0	恶人谷声望兑换商					27	0	247
373	812	恶人谷声望商・吴富纪		50967,71352,1133014;			27	0	248
374	0	帮会阵营执事					27	0	332
374	4745	帮会阵营执事・令狐邪影		55149,64213,1116466;			27	0	236
375	0	帮会物资商					27	0	330
375	4748	帮会物资商・文灭书		54344,63983,1116466;			27	0	234
376	0	书籍・阅读材料商					27	0	380
376	808	书籍・阅读材料商・范汜		44719,66583,1113735;			27	0	282
377	0	恶人谷谷主					27	0	245
377	4997	恶人谷谷主・王遗风		49432,67676,1150316;			27	0	246
378	0	十大恶人					27	0	266
378	4794	“阎王帖”肖药儿		72436,29362,1071488;			27	0	267
378	4819	“黑鸦”陶寒亭		33901,51135,1076672;			27	0	268
378	4822	“圣女”米丽古丽		65866,86336,1107746;			27	0	271
378	4997	“雪魔”王遗风		49432,67676,1150316;			27	0	272
378	6073	“小疯子”莫雨		11453,63063,1104128;			27	0	269
378	6461	烟		57472,15169,1077312;			27	0	270
379	0	仓库・信使					213	0	1130
379	44506	仓库管理员・倪小波		84777,61551,1057847;			213	0	1132
379	45055	信使・倪小坚		84890,61448,1057873;			213	0	1131
380	0	教书先生					213	0	1133
380	47980	教书先生・洛玲珑		85455,35748,1057686;			213	0	1134
381	0	马匹・鞍具・饲料・马厩					213	0	1135
381	45322	马商・杨灿		66940,31830,1058539;			213	0	1136
382	0	门派大师兄					213	0	1138
382	47821	门派大师兄		85908,65730,1057664;			213	0	1138
383	0	门派声望商					213	0	1139
383	45050	甲字声望商・颜雪松		86458,65114,1057852;			213	0	1140
383	45051	乙字声望商・顾霜迟		86407,65256,1057794;			213	0	1141
384	0	套装商					213	0	1148
384	45318	套装商・翟意鸣		86314,65368,1057812;			213	0	1149
384	45320	套装商・麻鸳		86192,65466,1057774;			213	0	1150
385	0	门派掌门					213	0	1142
385	44441	长歌门主・杨逸飞		78536,67337,1063405;			213	0	1143
386	0	商贩					213	0	1144
386	47979	酒商・米毅		80991,32907,1057686;			213	0	1145
386	47981	服装商・施九娘		86601,32640,1057686;			213	0	1146
386	47982	杂货商・邹驰		74362,91907,1057849;			213	0	1147
387	0	长途车夫					213	0	1151
387	46313	长途车夫・刘畅		82661,22673,1058148;			213	0	1152
388	0	仓库・信使					243	0	1130
388	53734	仓库管理员・柳良		93631,54476,1177728;			243	0	2
388	53735	信使・柳缘		93593,54521,1177728;			243	0	3
389	0	门派掌门					243	0	1142
389	52775	霸刀三庄主・柳静海		82900,59260,1133942;			243	0	12
390	0	门派声望商					243	0	1139
390	53730	甲字声望商・柳依依		94886,56998,1177728;			243	0	9
390	53731	乙字声望商・柳芊芊		94966,56904,1177728;			243	0	10
391	0	教书先生					243	0	1133
391	52596	教书先生・柳玉帛		91327,57733,1177728;			243	0	5
392	0	马匹・鞍具・饲料・马厩					243	0	1135
392	54215	马商・柳骏		95493,56710,1177809;			243	0	7
393	0	套装商					243	0	1148
393	53732	套装商・柳金		95176,57886,1178023;			243	0	23
393	53733	套装商・柳杨花		94075,57673,1177728;			243	0	24
394	0	长途车夫					243	0	1151
394	53251	长途车夫・柳三刀		75368,14246,1091077;			243	0	26
395	0	商贩					243	0	1144
395	53077	杂货商・柳诺诺		93841,54276,1177728;			243	0	14
395	53708	杂货商・长孙福		117031,56743,1147904;			243	0	15
395	53709	杂货商・独孤丑		112531,64310,1169554;			243	0	16
395	53710	杂货商・柳思文		48216,39968,1115774;			243	0	17
395	53713	杂货商・柳伯阳		80232,98210,1173074;			243	0	18
395	53725	杂货商・柳若霜		92960,118285,1164929;			243	0	19
395	53726	杂货商・柳卓		25746,92527,1206686;			243	0	20
395	53729	杂货商・赵伴青		75896,13659,1091114;			243	0	21
396	0	秘境镖局接引人					6	0	1040
396	1	秘境镖局接引人		64171, 45906, 1052928			6	0	1040
396	3217	兴威镖局镖头・雷浪		74884,74342,1057719;			6	0	917
397	0	秘境镖局接引人					108	0	1040
397	1	秘境镖局接引人		73727,64934,1070400			108	0	1040
397	14305	福威镖局・邓应天		63996,59997,1072653;			108	0	131
398	0	秘境镖局接引人					15	0	1040
398	1	秘境镖局接引人		45599, 91875, 1061888			15	0	1040
399	0	秘境镖局接引人					8	0	1040
399	1	秘境镖局接引人		34519, 68032, 1052096			8	0	1040
399	3460	镖局镖头・李放		35799,79926,1058546;			8	0	482
400	0	秘境镖局接引人					194	0	1040
400	1	秘境镖局接引人		23163, 63149, 1133760			194	0	1040
401	5745	帮会登记人		61390,59786,1051581;			13	0	1013
401	5746	帮会登记人・玄字贰壹					13	0	1014
402	0	帮会登记人					13	0	1013
402	5745	帮会登记人・玄字贰壹		61390,59786,1051581;			13	0	1014
403	0	帮会领地接引人					13	0	1015
403	4714	帮会家园执事・玄字玖贰		61440,59116,1051581;			13	0	1016
404	0	裁缝技艺训练师					13	0	1017
404	9873	缝纫训练师・素怀绣		58125,65331,1051229;			13	0	396
405	0	采金技艺训练师					13	0	1020
405	9869	采金训练师・宗百镐		59014,64040,1051023;			13	0	398
406	0	仓储・信使・交易师					13	0	1022
406	3325	日常区信使		64255,63915,1050293;			13	0	400
406	9872	交易师・金易施		68933,68802,1052788;			13	0	401
406	9900	仓库管理员・于双海		68683,68890,1052800;			13	0	402
406	9901	交易师・窦乐		69174,68875,1052800;			13	0	403
406	25668	帮会仓库总管・玄字肆捌		61476,59944,1051581;			13	0	404
406	56463	交易区信使		69779,70260,1052800;			13	0	405
407	0	阅读材料供应商					13	0	445
407	9854	阅读材料供应商・黎书彦		68791,70286,1052661;			13	0	688
408	0	江湖贡献・侠义值兑换商人					13	0	1033
408	1348	侠义值商人・玄字叁玖		61801,59980,1051581;			13	0	1034
408	1495	江湖物资商・玄字柒肆		62086,59988,1051581;			13	0	911
409	0	马具・饲料					13	0	412
409	56473	马商・金家驹		54011,58388,1050942;			13	0	413
410	0	名剑大会接引人					13	0	1041
410	16059	名剑大会报名人・张英		54445,63987,1051023;			13	0	704
410	16113	名剑大会报名人・上官玲		49177,60032,1053424;			13	0	415
410	16114	名剑大会报名人・梅乐		59521,69763,1056358;			13	0	1042
411	0	庖丁技艺训练师					13	0	1043
411	9876	庖丁训练师・廉尤志		58364,64282,1051023;			13	0	419
412	0	烹饪技艺训练师					13	0	1045
412	9769	烹饪技艺训练师・李虬髯		57739,64405,1051023;			13	0	421
413	0	神农技艺训练师					13	0	1050
413	9879	神农技艺训练师・蒙烈行		62140,63563,1051023;			13	0	423
414	0	威望・战阶・名剑大会相关商人					13	0	1065
414	1053	浩气盟威望物资商・别南轩		49238,61189,1053706;			13	0	436
414	3037	恶人谷威望军需官・周简白		61148,71426,1056358;			13	0	437
414	8131	浩气盟战阶商・王雨瑶		49873,61272,1053706;			13	0	1068
414	8132	恶人谷战阶商・董海健		61428,71397,1056358;			13	0	1069
414	16250	阵营名剑套装商・许相迎		59588,69708,1056358;			13	0	435
414	16252	中立名剑套装商・南宫逸		54903,63986,1051023;			13	0	438
415	0	食物・药品・杂货・五行石商人					13	0	1054
415	2038	郎中・罗广		61927,64170,1051190;			13	0	425
415	8808	五行石商人・曾鑫		69268,70272,1052661;			13	0	1055
415	9868	杂货商・郭五津		54140,58113,1050936;			13	0	720
415	56480	小吃商・金小骨		54112,59068,1052496;			13	0	426
416	0	收书人					13	0	1060
416	494	杂集收书人・赵山河		68162,70469,1052700;			13	0	1061
416	495	道学收书人・武文墨		68340,70309,1052663;			13	0	1062
416	496	佛学收书人・谢断笔		68508,70617,1052676;			13	0	1063
416	5926	高级杂集收书人・地字玖玖		68557,70296,1052661;			13	0	730
417	0	医术技艺训练师					13	0	1072
417	9877	医术技艺训练师・白首翰		61248,63583,1051023;			13	0	442
418	0	远程武器商					13	0	443
418	2035	远程武器商・朱举		59209,63947,1051027;			13	0	444
419	0	战场接引人					13	0	1077
419	6551	浩气盟战场接引人		49609,61248,1053706;			13	0	1079
419	6552	恶人谷战场接引人		60831,71316,1056383;			13	0	1078
420	0	车夫					13	0	406
420	3842	长途车夫・蒋放		63932,63279,1050282;			13	0	407
420	17591	短途车夫		63997,63200,1050304;			13	0	1097
421	0	阵营与装备转换使					13	0	1083
421	1349	帮会阵营总管・玄字伍叁		63027,59050,1051581;			13	0	1084
421	7821	黑市商人・李守财		62934,58656,1051581;			13	0	1086
422	0	铸造技艺训练师					13	0	1087
422	9875	铸造技艺训练师・欧无邪		59455,63745,1051023;			13	0	454

 -- by 每天涨停@梦江南 $ Jx3UnPack-PAKV3 jx3.mail@gmail.com