ID	SubID	Name	DoodadTemplateID	CostStamina	ProfessionID	RequireLevel	ToolItemType	ToolItemIndex	EquipmentType	PrepareFrame	PlayerExp	Exp	ExtendProfessionID1	ExtendExp1	ExtendProfessionID2	ExtendExp2	CreateItemTab	CreateItemIndex	CreateItemStackNum	BuffID	BuffLevel	Train	ScriptName
0	0	未知书籍	0	0	0	0	0	0	-1	0	0	0	0	0	0	0	0	0	1	0	0	0	
2	1	沉香劈山上篇	573	2	8	20					4800	20	10	10					0				
2	2	沉香劈山下篇		2	8	20						20	10	10	6	15			0				
3	1	毒尸若兰		2	8	20						20	11	10					0	355	1		
4	1	万花茶典上篇		2	8	20						20	11	10			5	2704	1				
4	2	万花茶典下篇		2	8	20						20	11	10	7	15			0				
5	1	太公家教第一章		0	8	10						10	11	10					0				scripts\skill\生活技能\书籍\太公家教第一章任务触发.lua
5	2	太公家教第二章		1	8	10						10	11	10					0	355	1		
5	3	太公家教第三章		0	8	10						10	11	10					0				scripts\skill\生活技能\书籍\太公家教第三章任务触发.lua
5	4	太公家教第四章		1	8	10					4000	10	11	10					0				
5	5	太公家教第五章		0	8	10						10	11	10	8	5			0				
5	6	太公家教第六章		0	8	10						10	11	10	8	5			0				
5	7	太公家教第七章	547	1	8	10						10	11	10					0	355	1		
5	8	太公家教第八章		0	8	10						10	11	10					0				
6	1	古诗十九首上		0	8	10						10	11	10					0				
6	2	古诗十九首中		1	8	10					4000	10	11	10					0				
6	3	古诗十九首下		0	8	10						10	11	10	8	5			0				
7	1	千字文第一章		1	8	10						10	11	10					0	355	1		
7	2	千字文第二章		0	8	10						10	11	10	8	5			0				
7	3	千字文第三章		1	8	10					4000	10	11	10					0				
7	4	千字文第四章		0	8	10						10	11	10	8	5			0				
7	5	千字文第五章		0	8	10						10	11	10	8	5			0				
8	1	山河志第一章・疆域总说		0	8	10						10	11	10					0				
8	2	山河志第二章・京畿及关内道	548	0	8	10						10	11	10			5	2863	1				
8	3	山河志第三章・都畿及河南道		0	8	10						10	11	10			5	2863	1				
8	4	山河志第四章・河东及山南东道		0	8	10						10	11	10			5	2863	1				
8	5	山河志第五章・陇右及山南西道	549	1	8	10					4000	10	11	10					0				
8	6	山河志第六章・陇右及淮南道		1	8	10						10	11	10					0	355	1		
8	7	山河志第七章・江南东西二道		1	8	10					4000	10	11	10					0				
8	8	山河志第八章・剑南道及吐蕃		1	8	10					4000	10	11	10					0				
9	1	剑部第一		1	8	15						15	11	10					0				scripts\skill\生活技能\书籍\精力回复1.lua
9	2	剑部第二		0	8	15						15	11	10	6	15			0				
9	3	剑部第三		1	8	15					4800	15	11	10					0				
9	4	剑部第四		0	8	15						15	11	10	6	15			0				
9	5	剑部第五		0	8	15						15	11	10			5	2863	1				
9	6	剑部第六		1	8	15						15	11	10					0	355	1		
9	7	剑部第七		0	8	15						15	11	10	6	15			0				
9	8	剑部第八		1	8	15						15	11	10					0	355	1		
10	1	关雎		0	8	15						15	11	10					0				
10	2	卷耳	565	1	8	15					4800	15	11	10					0				
10	3	湍		0	8	15						15	11	10			5	2863	1				
10	4	螽斯		1	8	15						15	11	10					0				scripts\skill\生活技能\书籍\体力回复1.lua
10	5	桃夭		0	8	15						15	11	10	5	15			0				
10	6	兔D		0	8	15						15	11	10	4	15			0				
10	7	行露		1	8	15					4800	15	11	10					0				
11	1	归园田居		0	8	15						15	11	10					0				
11	2	归鸟	566	1	8	15					4800	15	11	10					0				
11	3	劝农		0	8	15						15	11	10			5	2863	1				
11	4	停云并序		1	8	15						15	11	10					0				scripts\skill\生活技能\书籍\精力回复1.lua
11	5	荣木并序		0	8	15						15	11	10	5	15			0				
11	6	命子上		0	8	15						15	11	10	8	8			0				
11	7	命子下		1	8	15					4800	15	11	10					0				
12	1	般若波罗密多心经		0	8	15						15	9	10	9	10			0				
12	2	大藏经		0	8	15						15	9	10	9	10			0				
13	1	盂兰盆经第一章		0	8	15						15	9	10	9	10			0				
13	2	盂兰盆经第二章		0	8	15						15	9	10	9	10			0				
13	3	盂兰盆经第三章		0	8	15						15	9	10	8	8			0				
13	4	盂兰盆经第四章	550	0	8	15						15	9	10	9	10			0				
14	1	蜀鄙之僧		0	8	15						15	9	10			5	2863	1				
14	2	破戒		1	8	15					4800	15	9	10					0				
14	3	静坐		1	8	15						15	9	10					0	355	1		
14	4	化缘		1	8	15						15	9	10					0				scripts\skill\生活技能\书籍\体力回复1.lua
14	5	毒药		0	8	15						15	9	10					0				
15	1	贪引恶鬼品	564	0	8	15						15	9	10	8	8			0				
15	2	力士鹦鹉品		0	8	15						15	9	10					0				
15	3	乌枭报怨品		0	8	15						15	9	10					0				
15	4	梵志献花品		0	8	15						15	9	10			5	2863	1				
15	5	盲人点灯品		0	8	15						15	9	10	8	8			0				
15	6	回头是岸品		0	8	15						15	9	10	9	10			0				
15	7	佛珠生菇品		0	8	15						15	9	10	9	10			0				
15	8	信徒遇溺品		1	8	15					5600	15	9	10					0				
16	1	观音自拜品		2	8	20						20	9	10	9	10			0				
16	2	破杯悟禅品		2	8	20						20	9	10			5	2864	1				
16	3	作龙虎画品		2	8	20						20	9	10			5	2864	1				
16	4	老妇烧庵品		2	8	20						20	9	10	8	10			0				
16	5	童子辩禅品		2	8	20					5600	20	9	10					0				
16	6	婆罗门妻品		2	8	20						20	9	10					0				scripts\skill\生活技能\书籍\精力回复1.lua
16	7	四马之喻品		2	8	20						20	9	10					0				scripts\skill\生活技能\书籍\精力回复1.lua
16	8	大萨他婆品		2	8	20					5600	20	9	10					0				
17	1	道德经卷一其一		0	8	15						15	10	10	8	8			0				
17	2	道德经卷一其二	567	0	8	15						15	10	10	8	8			0				
17	3	道德经卷一其三		0	8	15						15	10	10	10	10			0				
17	4	道德经卷一其四		0	8	15						15	10	10			5	2863	1				
17	5	道德经卷一其五		0	8	15						15	10	10					0				
17	6	道德经卷一其六		0	8	15						15	10	10					0				
17	7	道德经卷一其七		0	8	15						15	10	10	10	10			0				
17	8	道德经卷一其八		0	8	15						15	10	10			5	2863	1				
18	1	论语卷一其一		0	8	15						15	11	10			5	2863	1				
18	2	论语卷一其二		0	8	15						15	11	10			5	2863	1				
18	3	论语卷一其三		0	8	15						15	11	10			5	2863	1				
18	4	论语卷一其四		0	8	15						15	11	10	8	8			0				
18	5	论语卷一其五		0	8	15						15	11	10	8	8			0				
18	6	论语卷一其六		0	8	15						15	11	10	8	8			0				
18	7	论语卷一其七		0	8	15						15	11	10	8	8			0				
18	8	论语卷一其八		1	8	15					4800	15	11	10					0				
19	1	轩辕黄帝传		0	8	15						15	10	10					0				
19	2	太上老子传		0	8	15						15	10	10					0				
19	3	文始先生传		0	8	15						15	10	10					0				
19	4	南华真人传		0	8	15						15	10	10	8	8			0				
19	5	列子真人传		0	8	15						15	10	10	10	10			0				
19	6	天师道陵传		0	8	15						15	10	10	10	10			0				
19	7	云牙真人传		0	8	15						15	10	10			5	2863	1				
19	8	仙翁葛玄传	568	1	8	15					5600	15	10	10					0				
20	1	少年行		2	8	20					5600	20	11	10					0				
20	2	渭城曲		2	8	20						20	11	10	4	16			0				
20	3	关山月		2	8	20						20	11	10	5	16			0				
20	4	荆州歌		2	8	20						20	11	10	8	10			0				
20	5	子夜吴歌之春歌		2	8	20						20	11	10					0				
20	6	子夜吴歌之夏歌	571	2	8	20						20	11	10			5	2864	1				
20	7	子夜吴歌之秋歌		2	8	20						20	11	10	8	10			0				
20	8	子夜吴歌之冬歌		2	8	20					5600	20	11	10					0				
21	1	枪部第一章		2	8	20						20	11	10					0				
21	2	枪部第二章		2	8	20						20	11	10	6	16			0				
21	3	枪部第三章		2	8	20						20	11	10					0				scripts\skill\生活技能\书籍\体力回复1.lua
21	4	枪部第四章		2	8	20						20	11	10					0				scripts\skill\生活技能\书籍\精力回复1.lua
21	5	枪部第五章		2	8	20					5600	20	11	10					0				
21	6	枪部第六章		2	8	20						20	11	10	6	16			0				
21	7	枪部第七章		2	8	20					5600	20	11	10					0				
21	8	枪部第八章		2	8	20						20	11	10			5	2489	1				
22	1	武林志卷一第一章		2	8	25						30	11	10					0	355	1		
22	2	武林志卷一第二章		2	8	25						30	11	10					0	355	1		
22	3	武林志卷一第三章		2	8	25						30	11	10					0	355	1		
22	4	武林志卷一第四章		2	8	25						30	11	10					0	355	1		
22	5	武林志卷一第五章		2	8	25						30	11	10					0	355	1		
22	6	武林志卷一第六章		2	8	25						30	11	10					0	355	1		
22	7	武林志卷一第七章		2	8	25						30	11	10					0	355	1		
22	8	武林志卷一第八章		2	8	25						30	11	10					0	355	1		
23	1	十三棍僧救唐王上	569	2	8	20						20	9	10	9	10			0				
23	2	十三棍僧救唐王下		2	8	20						20	9	10					0				
24	1	见性偈		2	8	20						20	9	10					0				
24	2	渔家傲上		2	8	20						20	9	10					0				
24	3	渔家傲下		2	8	20						20	9	10	8	10			0				
24	4	神照本如开悟诗		2	8	20						20	9	10	9	10			0				
24	5	洞山开悟诗		2	8	20						20	9	10					0				scripts\skill\生活技能\书籍\体力回复1.lua
24	6	龙门清远开悟诗	570	2	8	20						20	9	10					0				scripts\skill\生活技能\书籍\精力回复1.lua
24	7	何山守旬开悟诗		2	8	20						20	9	10					0	355	1		
25	1	皇帝嵩岳少林寺碑		1	8	15						20	9	10					0	355	1		
26	1	佛说老女人经上部		2	8	20						20	9	10					0	355	1		
26	2	佛说老女人经下部		2	8	20						20	9	10	5	16			0				
27	1	释迦传略		2	8	25						30	9	10					0				
27	2	第一章・梦象受孕		2	8	25						30	9	10	8	15			0				
27	3	第二章・七步莲花		2	8	25						30	9	10					0	355	1		
27	4	第三章・姨母抚育		2	8	25						30	9	10			5	2864	1				
27	5	第四章・出游感苦	574	2	8	25						30	9	10			5	4284	1				
27	6	第五章・夜别妻儿	1658	2	8	25						30	9	10					0	355	1		
27	7	第六章・夜渡凡尘		2	8	25						30	9	10					0			20	
27	8	第七章・削发更衣		2	8	25						30	9	10					0			20	
28	1	鬼谷子本经阴符七术之一		2	8	25						30	10	10					0	355	1		
28	2	鬼谷子本经阴符七术之二		2	8	25						30	10	10	8	15			0				
28	3	鬼谷子本经阴符七术之三		2	8	25					6400	30	10	10					0				
28	4	鬼谷子本经阴符七术之四	575	2	8	25						30	10	10			5	4105	1				
28	5	鬼谷子本经阴符七术之五	1659	2	8	25						30	10	10					0	355	1		
28	6	鬼谷子本经阴符七术之六		2	8	25						30	10	10					0			20	
28	7	鬼谷子本经阴符七术之七		2	8	25						30	10	10					0			20	
29	1	黄帝阴符经		2	8	20						20	10	10					0				scripts\skill\生活技能\书籍\精力回复1.lua
30	1	道德经卷二其一		2	8	20						20	10	10					0	355	1		
30	2	道德经卷二其二		2	8	20						20	10	10	8	10			0				
30	3	道德经卷二其三	572	2	8	20						20	10	10	4	16			0				
30	4	道德经卷二其四		2	8	20						20	10	10			5	2864	1				
30	5	道德经卷二其五		2	8	20						20	10	10	10	10			0				
30	6	道德经卷二其六		2	8	20						20	10	10	10	10			0				
30	7	道德经卷二其七		2	8	20						20	10	10			5	2864	1				
31	1	纯阳立教论第一章		2	8	20						20	10	10					0	355	1		
31	2	纯阳立教论第二章		2	8	20					5600	20	10	10					0				
31	3	纯阳立教论第三章		2	8	20						20	10	10					0				scripts\skill\生活技能\书籍\体力回复1.lua
31	4	纯阳立教论第四章		2	8	20						20	10	10	10	10			0				
31	5	纯阳立教论第五章		2	8	20						20	10	10	10	10			0				
31	6	纯阳立教论第六章		2	8	20						20	10	10	10	10			0				
31	7	纯阳立教论第七章		2	8	20					4800	20	10	10					0				
32	1	药王百花谱之一		7	8	65						480	11	10			5	4416	1				
32	2	药王百花谱之二		7	8	65						480	11	10			5	4150	1				
32	3	药王百花谱之三		7	8	65						480	11	10					0			60	
32	4	药王百花谱之四		7	8	70						480	11	10					0			60	
32	5	药王百花谱之五		7	8	70						480	11	10					0			60	
32	6	药王百花谱之六		7	8	70						480	11	10			5	4424	1				
32	7	药王百花谱之七		7	8	70						480	11	10					0			60	
33	1	毒览第一章・断肠草		2	8	25						30	11	10	7	17			0				
33	2	毒览第二章・鹤顶红		2	8	25						30	11	10					0				
33	3	毒览第三章・一钩吻		2	8	25						30	11	10					0				
33	4	毒览第四章・鸩酒		2	8	25						30	11	10			5	4325	1				
33	5	毒览第五章・见血封喉		2	8	25						30	11	10			5	4429	1				
33	6	毒览第六章・乌头		2	8	25						30	11	10	7	17			0				
33	7	毒览第七章・情花		2	8	25						30	11	10	7	17			0				
34	1	三十六计第一章	594	5	8	50						160	11	10			5	4349	1				
34	2	三十六计第二章		5	8	50					10400	160	11	10					0				
34	3	三十六计第三章		5	8	50						160	11	10			5	2867	1				
34	4	三十六计第四章		5	8	50						160	11	10					0				scripts\skill\生活技能\书籍\精力回复3.lua
34	5	三十六计第五章		5	8	50						160	11	10			5	4381	1				
34	6	三十六计第六章		5	8	50						160	11	10					0	355	1		
35	1	白象狮子品		2	8	25						30	9	10					0	355	1		
35	2	五百商客品		2	8	25						30	9	10					0				scripts\skill\生活技能\书籍\精力回复2.lua
35	3	一村菊香品		2	8	25						30	9	10	9	10			0				
35	4	雁王说法品		2	8	25						30	9	10	8	15			0				
35	5	富人四妻品		2	8	25					6400	30	9	10					0				
35	6	愚友似敌品		2	8	25						30	9	10					0				scripts\skill\生活技能\书籍\精力回复2.lua
35	7	生忧死忧品		2	8	25						30	9	10					0				
36	1	金刚经卷一第一章		2	8	25						30	9	10					0	355	1		
36	2	金刚经卷一第二章		2	8	25						30	9	10	9	10			0				
36	3	金刚经卷一第三章		2	8	25						30	9	10					0				
36	4	金刚经卷一第四章		2	8	25						30	9	10					0				
36	5	金刚经卷一第五章		2	8	25						30	9	10					0				scripts\skill\生活技能\书籍\体力回复2.lua
36	6	金刚经卷一第六章		2	8	25						30	9	10	8	15			0				
36	7	金刚经卷一第七章		2	8	25						30	9	10	9	10			0				
36	8	金刚经卷一第八章		2	8	25						30	9	10					0	355	1		
37	1	金刚经卷二第一章		2	8	25						30	9	10	9	10			0				
37	2	金刚经卷二第二章		2	8	25						30	9	10					0				scripts\skill\生活技能\书籍\精力回复2.lua
37	3	金刚经卷二第三章		2	8	25						30	9	10	8	15			0				
37	4	金刚经卷二第四章		2	8	25						30	9	10	8	15			0				
38	1	论语卷二其一		2	8	25						30	11	10					0	355	1		
38	2	论语卷二其二		2	8	25						30	11	10			5	2864	1				
38	3	论语卷二其三		2	8	25						30	11	10	8	15			0				
38	4	论语卷二其四		2	8	25						30	11	10	8	15			0				
38	5	论语卷二其五		2	8	25						30	11	10					0				
38	6	论语卷二其六		2	8	25						30	11	10					0				
38	7	论语卷二其七		2	8	25						30	11	10					0				
38	8	论语卷二其八		2	8	25					6400	30	11	10					0				
39	1	吕祖百字碑文		1	8	15						30	10	10					0	355	1		
39	2	吕祖百字碑疏义其一		2	8	25						30	10	10			5	2864	1				
39	3	吕祖百字碑疏义其二		2	8	25						30	10	10	8	15			0				
39	4	吕祖百字碑疏义其三	576	2	8	25					6400	30	10	10					0				
39	5	吕祖百字碑疏义其四		2	8	25						30	10	10	8	15			0				
39	6	吕祖百字碑疏义其五	577	2	8	25						30	10	10			5	4013	1				
39	7	吕祖百字碑疏义其六		2	8	25						30	10	10	10	10			0				
39	8	吕祖百字碑疏义其七		2	8	25						30	10	10	10	10			0				
40	1	吕祖长生方		2	8	20						20	10	10					0				scripts\skill\生活技能\书籍\精力回复1.lua
41	1	鹊巢		2	8	25						30	11	10					0				
41	2	羔羊		2	8	25						30	11	10					0				
41	3	绿衣		2	8	25						30	11	10					0	355	1		
41	4	终风		2	8	25					6400	30	11	10					0				
41	5	击鼓		2	8	25						30	11	10	5	17			0				
41	6	凯风	578	2	8	25						30	11	10					0	355	1		
41	7	式微		2	8	25						30	11	10	8	15			0				
41	8	静女		2	8	25						30	11	10			5	4138	1				
42	1	琴典第一章		3	8	30						40	11	10					0	355	1		
42	2	琴典第二章		3	8	30					7200	40	11	10					0				
42	3	琴典第三章		3	8	30						40	11	10					0				scripts\skill\生活技能\书籍\精力回复2.lua
42	4	琴典第四章	579	3	8	30						40	11	10			5	2865	1				
42	5	琴典第五章		3	8	30						40	11	10	8	20			0				
42	6	琴典第六章		3	8	30						40	11	10					0				scripts\skill\生活技能\书籍\体力回复2.lua
42	7	琴典第七章		3	8	30						40	11	10					0				
42	8	琴典第八章		3	8	30						40	11	10					0				
43	1	木瓜	580	3	8	30						40	11	10	4	18			0				
43	2	君子于役		3	8	30						40	11	10					0				scripts\skill\生活技能\书籍\精力回复2.lua
43	3	君子阳阳		3	8	30						40	11	10					0	355	1		
43	4	采葛		3	8	30						40	11	10					0				scripts\skill\生活技能\书籍\体力回复2.lua
43	5	丘中有麻		3	8	30					7200	40	11	10					0				
43	6	叔于田		3	8	30						40	11	10	8	20			0				
43	7	羔裘		3	8	30						40	11	10	8	20			0				
43	8	有女同车		3	8	30						40	11	10					0				
44	1	笔章第一		3	8	35					8000	60	11	10					0				
44	2	笔章第二		3	8	35						60	11	10	6	19			0				
44	3	笔章第三		3	8	35						60	11	10			5	4467	1				
44	4	笔章第四		3	8	35						60	11	10	6	19			0				
44	5	笔章第五		3	8	35						60	11	10			5	4485	1				
44	6	笔章第六		3	8	35						60	11	10	6	19			0				
44	7	笔章第七		3	8	35						60	11	10			5	4468	1				
44	8	笔章第八		3	8	35						60	11	10	6	19			0				
45	1	徐淮行医录之一		4	8	45						120	11	10	7	17			0				
45	2	徐淮行医录之二		4	8	45						120	11	10					0				scripts\skill\生活技能\书籍\精力回复3.lua
45	3	徐淮行医录之三		5	8	50						160	11	10			5	4459	1				
45	4	徐淮行医录之四		5	8	50						160	11	10			5	4458	1				
46	1	初唐四杰	1645	5	8	50						160	11	10					0				scripts\skill\生活技能\书籍\精力回复4.lua
46	2	天下三智惟逊一秋	1646	5	8	50						160	11	10					0			60	
46	3	枫华谷之战		4	8	45						120	11	10					0				
46	4	延载惨变		7	8	70						480	11	10			5	4359	1				
47	1	秋夜长		4	8	40						80	11	10			5	4394	1				
47	2	滕王阁		4	8	40					8800	80	11	10					0				
47	3	江南弄		4	8	40						80	11	10	8	40			0				
47	4	山亭夜宴		4	8	40						80	11	10	8	40			0				
47	5	咏风	588	4	8	40						80	11	10					0			35	
47	6	怀仙		4	8	40						80	11	10			5	4124	1				
47	7	杂曲		4	8	40						80	11	10					0				
48	1	塞下曲（一）		4	8	40						80	11	10					0			35	
48	2	塞下曲（二）		4	8	40						80	11	10					0				
48	3	初日		4	8	40						80	11	10					0	355	1		
48	4	从军行（一）		4	8	40						80	11	10			5	4434	1				
48	5	从军行（二）	589	4	8	40						80	11	10			5	4441	1				
48	6	从军行（三）		4	8	40						80	11	10			5	2866	1				
48	7	出塞		4	8	40						80	11	10	8	40			0				
48	8	采莲曲二首		4	8	40						80	11	10			5	4194	1				
49	1	棋典第一章		4	8	45					9600	120	11	10					0				
49	2	棋典第二章		4	8	45					9600	120	11	10					0				
49	3	棋典第三章		4	8	45						120	11	10					0	355	1		
49	4	棋典第四章	592	4	8	45					9600	120	11	10					0				
49	5	棋典第五章		4	8	45					9600	120	11	10					0				
49	6	棋典第六章		4	8	45						120	11	10					0				
49	7	棋典第七章		4	8	45						120	11	10					0				
49	8	棋典第八章		4	8	45					9600	120	11	10					0				
50	1	君道曲		4	8	45						120	11	10					0	355	1		
50	2	久别离		4	8	45						120	11	10					0			40	
50	3	古朗月行		4	8	45						120	11	10					0			40	
50	4	独不见	593	4	8	45						120	11	10			5	4133	1				
50	5	鸣雁行		4	8	45						120	11	10	8	60			0				
50	6	妾薄命		4	8	45						120	11	10			5	4174	1				
50	7	短歌行		4	8	45						120	11	10					0				scripts\skill\生活技能\书籍\体力回复3.lua
51	1	武林志卷二第一章		4	8	45					9600	120	11	10					0				
51	2	武林志卷二第二章		4	8	45					9600	120	11	10					0				
51	3	武林志卷二第三章		4	8	45						120	11	10			5	2866	1				
51	4	武林志卷二第四章		4	8	45					9600	120	11	10					0				
51	5	武林志卷二第五章		4	8	45					9600	120	11	10					0				
51	6	武林志卷二第六章		4	8	45					9600	120	11	10					0				
51	7	武林志卷二第七章		4	8	45					9600	120	11	10					0				
51	8	武林志卷二第八章		4	8	45						120	11	10			5	2866	1				
52	1	剑章第一		5	8	50						160	11	10			5	4182	1				
52	2	剑章第二		5	8	50						160	11	10			5	4125	1				
52	3	剑章第三		5	8	50						160	11	10			5	4258	1				
52	4	剑章第四		5	8	50						160	11	10			5	4328	1				
52	5	剑章第五		5	8	50						160	11	10					0	355	1		
52	6	剑章第六		5	8	50						160	11	10			5	4175	1				
52	7	剑章第七		5	8	50						160	11	10			5	4060	1				
52	8	剑章第八		5	8	50						160	11	10			5	4430	1				
53	1	昆仑派山训		6	8	65						480	11	10			5	2868	1				
53	2	昆仑派地理志		6	8	65						480	11	10					0			60	
53	3	昆仑派风物志	1642	7	8	70						480	11	10					0				scripts\skill\生活技能\书籍\精力回复4.lua
53	4	昆仑派历代掌门弟子	1643	7	8	70						480	11	10					0	355	1		
54	1	棍章第一		5	8	55						240	11	10			5	4304	1				
54	2	棍章第二		5	8	55						240	11	10					0	355	1		
54	3	棍章第三		5	8	55						240	11	10	6	23			0				
54	4	棍章第四		5	8	55						240	11	10			5	4305	1				
54	5	棍章第五		5	8	55						240	11	10					0				
54	6	棍章第六	1660	5	8	55						240	11	10					0	355	1		
54	7	棍章第七		5	8	55						240	11	10			5	4232	1				
55	1	枪章第一		5	8	55						240	11	10					0	355	1		
55	2	枪章第二	1661	5	8	55						240	11	10					0	355	1		
55	3	枪章第三		5	8	55						240	11	10			5	4320	1				
55	4	枪章第四		5	8	55						240	11	10	6	23			0				
55	5	枪章第五		5	8	55						240	11	10					0				
55	6	枪章第六		5	8	55						240	11	10			5	4337	1				
55	7	枪章第七		5	8	55						240	11	10	6	23			0				
55	8	枪章第八		5	8	55						240	11	10			5	4404	1				
56	1	鸿雁		5	8	55						240	11	10	8	120			0				
56	2	白驹	604	5	8	55					11200	240	11	10					0				
56	3	谷风	605	5	8	55					11200	240	11	10					0				
56	4	苕之华		5	8	55						240	11	10			5	2867	1				
56	5	维天之命		5	8	60						240	11	10			5	2867	1				
56	6	我将		5	8	60						240	11	10	8	120			0				
56	7	臣工		5	8	60						240	11	10	8	120			0				
56	8	丝衣		5	8	60						240	11	10	8	120			0				
57	1	出石门	606	6	8	60						320	11	10	8	500							
57	2	至分陕		6	8	60						320	11	10					0				
57	3	从军行		6	8	60					12000	320	11	10					0				
57	4	王昭君		6	8	60						320	11	10					0				scripts\skill\生活技能\书籍\体力回复5.lua
57	5	渡瓜步江		6	8	60					12000	320	11	10					0				
57	6	秋日送别		6	8	60						320	11	10	8	160			0				
57	7	冬日宴		6	8	60						320	11	10			5	2868	1				
57	8	咏美人在天津桥	607	6	8	60					12000	320	11	10					0				
58	1	书典第一章		6	8	60						320	11	10					0				
58	2	书典第二章		6	8	60					12000	320	11	10					0				
58	3	书典第三章		6	8	60						320	11	10			5	2868	1				
58	4	书典第四章		6	8	60						320	11	10			5	2868	1				
58	5	书典第五章		6	8	60						320	11	10	8	160			0				
58	6	书典第六章		6	8	60						320	11	10	8	160			0				
58	7	书典第七章	608	6	8	60						320	11	10					0				scripts\skill\生活技能\书籍\体力回复4.lua
58	8	书典第八章		6	8	60						320	11	10					0	355	1		
59	1	剑侠人物图鉴卷一其一		7	8	70						480	11	10			5	2399	1				
59	2	剑侠人物图鉴卷一其二		7	8	70						480	11	10			5	4347	1				
59	3	剑侠人物图鉴卷一其三		7	8	70						480	11	10			5	4055	1				
59	4	剑侠人物图鉴卷一其四		7	8	70						480	11	10			5	2398	1				
59	5	剑侠人物图鉴卷一其五		7	8	70						480	11	10			5	4082	1				
59	6	剑侠人物图鉴卷一其六		7	8	70						480	11	10			5	1897	1				
59	7	剑侠人物图鉴卷一其七		7	8	70						480	11	10					0				
59	8	剑侠人物图鉴卷一其八		7	8	70						480	11	10			5						
60	1	书信辑录其一・王维林家书	618	6	8	65						480	11	10			5	4355	1				
60	2	书信辑录其二・邀药王入谷书	619	6	8	65						480	11	10			5	4466	1				
60	3	书信辑录其三・邀书圣入谷书		6	8	65						480	11	10			5	4444	1				
60	4	书信辑录其四・邀工圣入谷书		6	8	65						480	11	10			5	4477	1				
60	5	书信辑录其五・邀少林赴名剑大会书		6	8	65						480	11	10					0			60	
60	6	书信辑录其六・邀纯阳赴名剑大会书		6	8	65						480	11	10					0			60	
60	7	书信辑录其七・邀七秀赴名剑大会书		6	8	65						480	11	10			5	4192	1				
60	8	书信辑录其八・邀天策赴名剑大会书		6	8	65						480	11	10					0				
61	1	豫让刺赵襄		6	8	65						480	11	10					0			60	
61	2	专诸刺王僚		6	8	65						480	11	10					0				
61	3	要离杀庆忌		6	8	65						480	11	10					0			60	
61	4	曹沫劫桓公		6	8	65						480	11	10					0				
61	5	朱亥奉信陵		6	8	65						480	11	10	8	240			0				
61	6	IO纵赵盾		6	8	65						480	11	10					0				scripts\skill\生活技能\书籍\精力回复4.lua
61	7	朱家显侠义		6	8	65						480	11	10					0				
61	8	剧孟有侠气		6	8	65						480	11	10					0				
62	1	双兵第一		7	8	70						480	11	10			5	4104	1				
62	2	双兵第二		7	8	70						480	11	10			5	2868	1				
62	3	双兵第三		7	8	70						480	11	10			5	4275	1				
62	4	双兵第四		7	8	70						480	11	10					0				
62	5	双兵第五	628	7	8	70						480	11	10			5	4208	1				
62	6	双兵第六		7	8	70						480	11	10					0			60	
62	7	双兵第七		7	8	70						480	11	10					0			60	
62	8	双兵第八		7	8	70						480	11	10			5	4164	1				
63	1	龙纹图		5	8	50						160	11	10			5	1858	1				
63	2	鸳鸯图		5	8	50						160	11	10			5	1856	1				
63	3	双飞图		6	8	60						320	11	10			5	1860	1				
63	4	牡丹图		7	8	60						480	11	10			5	1855	1				
63	5	腾龙图		7	8	70						480	11	10			5	1854	1				
63	6	青兽图		7	8	70						480	11	10			5	1859	1				
63	7	百花图		7	8	70						480	11	10			5	1857	1				
64	1	阳宝笔录卷一第一章	627	6	8	65						480	11	10			5	4044	1				
64	2	阳宝笔录卷一第二章		6	8	65						480	11	10			5	4341	1				
64	3	阳宝笔录卷一第三章		6	8	65						480	11	10			5	4237	1				
64	4	阳宝笔录卷一第四章		6	8	65						480	11	10					0			60	
64	5	阳宝笔录卷一第五章		6	8	65						480	11	10					0			60	
65	1	少林书第一章		3	8	30						40	9	10			5	2865	1				
65	2	少林书第二章		3	8	30						40	9	10			5	2865	1				
65	3	少林书第三章		3	8	30						40	9	10					0	355	1		
65	4	少林书第四章	581	3	8	30						40	9	10									
65	5	少林书第五章		3	8	30						40	9	10	9	10			0				
65	6	少林书第六章		3	8	30						40	9	10	9	10			0				
65	7	少林书第七章		3	8	30						40	9	10	8	20			0				
65	8	少林书第八章		3	8	30						40	9	10	8	20			0				
66	1	穷人品		3	8	30						40	9	10	8	20			0				
66	2	佛像之始品		3	8	30						40	9	10					0			25	
66	3	播种真理品		3	8	30						40	9	10			5	2865	1				
66	4	金鼠品		3	8	30						40	9	10					0	355	1		
66	5	乾夷王施头品		3	8	30						40	9	10	9	10			0				
66	6	断臂求法品		3	8	30						40	9	10	9	10			0				
66	7	罪不可得品		3	8	30						40	9	10					0	355	1		
66	8	佛性南北品		3	8	30						40	9	10					0			25	
67	1	指与月		3	8	35						60	9	10			5	2865	1				
67	2	开窍		3	8	35						60	9	10	9	10			0				
67	3	女子出定		3	8	35						60	9	10	9	10			0				
67	4	廓然无圣		3	8	35						60	9	10	8	30			0				
67	5	皮肉骨髓		3	8	35						60	9	10	8	30			0				
67	6	谁缚了你	582	3	8	35						60	9	10	9	10			0				
67	7	本来无一物		3	8	35					8000	60	9	10					0				
67	8	孤掌之声		3	8	35						60	9	10	8	30			0				
68	1	佛法传宗记第一章		3	8	35					8000	60	9	10					0				
68	2	佛法传宗记第二章		3	8	35						60	9	10					0				
68	3	佛法传宗记第三章		3	8	35						60	9	10					0				
68	4	佛法传宗记第四章		3	8	35						60	9	10	8	30			0				
68	5	佛法传宗记第五章		3	8	35						60	9	10	8	30			0				
68	6	佛法传宗记第六章		3	8	35						60	9	10	9	10			0				
68	7	佛法传宗记第七章		3	8	35						60	9	10	9	10			0				
68	8	佛法传宗记要义		3	8	35						60	9	10	9	10			0				
69	1	迦兰秘录第一章・因说		3	8	35					8000	60	9	10					0				
69	2	迦兰秘录第二章・缘说		3	8	35						60	9	10	8	30			0				
69	3	迦兰秘录第三章・果说		3	8	35						60	9	10	8	30			0				
69	4	迦兰秘录第四章・报说		3	8	35						60	9	10	9	10			0				
69	5	迦兰秘录第五章・武传		3	8	35						60	9	10	9	10			0				
69	6	迦兰秘录第六章・经传		3	8	35						60	9	10	9	10			0				
69	7	迦兰秘录第七章・僧传		3	8	35						60	9	10			5	2865	1				
69	8	迦兰秘录第八章・宝传		3	8	35					8000	60	9	10					0				
70	1	画典第一章		4	8	40						80	11	10	8	40			0				
70	2	画典第二章		4	8	40						80	11	10	8	40			0				
70	3	画典第三章		4	8	40					8800	80	11	10					0				
70	4	画典第四章		4	8	40					8800	80	11	10					0				
70	5	画典第五章		4	8	40						80	11	10					0				
70	6	画典第六章		4	8	40					8800	80	11	10					0				
70	7	画典第七章		4	8	40					8800	80	11	10					0				
70	8	画典第八章		4	8	40						80	11	10					0				
71	1	鹊替哺品		4	8	40						80	9	10					0				
71	2	龟衔树品		4	8	40					8800	80	9	10					0				
71	3	平望镇犬品		4	8	40					8800	80	9	10					0				
71	4	蚁啮械品		4	8	40						80	9	10	8	40			0				
71	5	犬救火一品		4	8	40						80	9	10	8	40			0				
71	6	嘛呢叭咪似		4	8	40						80	9	10	9	10			0				
71	7	佛曰放下品		4	8	40						80	9	10	9	10			0				
71	8	五百罗汉品		4	8	40						80	9	10					0				
72	1	阿罗汉传第一章		4	8	40						80	9	10					0				scripts\skill\生活技能\书籍\精力回复2.lua
72	2	阿罗汉传第二章		4	8	40						80	9	10	8	40			0				
72	3	阿罗汉传第三章		4	8	40						80	9	10					0			35	
72	4	阿罗汉传第四章		4	8	40						80	9	10					0			35	
72	5	阿罗汉传第五章		4	8	40					8800	80	9	10					0				
72	6	阿罗汉传第六章	586	4	8	40						80	9	10	9	10			0				
72	7	阿罗汉传第七章	587	4	8	40						80	9	10	9	10			0				
72	8	阿罗汉传第八章		4	8	40						80	9	10			5	2866	1				
73	1	背女人		4	8	45						120	9	10	9	10			0				
73	2	蛇身受苦上篇		4	8	45						120	9	10	8	60			0				
73	3	蛇身受苦下篇		4	8	45					9600	120	9	10					0				
73	4	千金买冷静上篇		4	8	45					9600	120	9	10					0				
73	5	千金买冷静下篇		4	8	45						120	9	10	8	60			0				
73	6	父转狗身上篇		4	8	45						120	9	10	8	60			0				
73	7	父转狗身下篇		4	8	45						120	9	10	9	10			0				
73	8	猴子陷阱		4	8	45						120	9	10	9	10			0				
74	1	仙人与小象品		4	8	45						120	9	10	9	10			0				
74	2	破水桶品		4	8	45						120	9	10	8	60			0				
74	3	蕃僧与鼠品上篇		4	8	45						120	9	10	9	10			0				
74	4	蕃僧与鼠品下篇		4	8	45						120	9	10	8	60			0				
74	5	黄金品上篇		4	8	45					9600	120	9	10					0				
74	6	黄金品下篇		4	8	45					9600	120	9	10					0				
74	7	输赢品		4	8	45						120	9	10			5	2866	1				
74	8	送明月品		4	8	45						120	9	10					0				
75	1	观音自拜		4	8	45					9600	120	9	10					0				
75	2	悟性如光		4	8	45					9600	120	9	10					0				
75	3	破碗		4	8	45						120	9	10			5	2866	1				
75	4	一滴水		4	8	45						120	9	10	9	10			0				
75	5	平常心		4	8	45						120	9	10	8	60			0				
75	6	死期		4	8	45						120	9	10	9	10			0				
75	7	修佛		4	8	45						120	9	10	8	60			0				
75	8	礼物		4	8	45						120	9	10	9	10			0				
76	1	一切都在品		5	8	50						160	9	10			5	4223	1				
76	2	磨砖作镜品		5	8	50						160	9	10					0				
76	3	正字反字品		5	8	50						160	9	10			5	2867	1				
76	4	杯水与湖品		5	8	50						160	9	10	8	80			0				
76	5	富人与鳖品其一		5	8	50						160	9	10	9	10			0				
76	6	富人与鳖品其二		5	8	50						160	9	10					0			45	
76	7	富人与鳖品其三		5	8	50						160	9	10			5	4250	1				
76	8	富人与鳖品其四		5	8	50						160	9	10					0				
77	1	蜘蛛寓经其一		5	8	50						160	9	10					0				
77	2	蜘蛛寓经其二		5	8	50						160	9	10	9	10			0				
77	3	蜘蛛寓经其三		5	8	50						160	9	10	9	10			0				
77	4	蜘蛛寓经其四		5	8	50						160	9	10	8	80			0				
77	5	蜘蛛寓经其五		5	8	50						160	9	10					0			45	
78	1	楞伽经第一章		5	8	50					10400	160	9	10					0				
78	2	楞伽经第二章		5	8	50						160	9	10					0				
78	3	楞伽经第三章		5	8	50						160	9	10					0			45	
78	4	楞伽经第四章		5	8	50						160	9	10			5	4247	1				
78	5	楞伽经第五章		5	8	50						160	9	10	9	10			0				
78	6	楞伽经第六章		5	8	50						160	9	10			5	4116	1				
78	7	楞伽经第七章		5	8	50						160	9	10	8	80			0				
78	8	楞伽经第八章		5	8	50						160	9	10			5	2867	1				
79	1	易筋经第一章	600	5	8	55						240	9	10					0			50	
79	2	易筋经第二章	601	5	8	55						240	9	10			5	4253	1				
79	3	易筋经第三章		5	8	55						240	9	10					0			50	
79	4	易筋经第四章		5	8	55						240	9	10					0				scripts\skill\生活技能\书籍\精力回复3.lua
79	5	易筋经第五章	602	5	8	55						240	9	10					0	355	1		
79	6	易筋经第六章		5	8	55						240	9	10	9	10			0				
79	7	易筋经第七章		5	8	55					11200	240	9	10					0				
79	8	易筋经第八章		5	8	55						240	9	10	9	10			0				
80	1	别山僧		5	8	55						240	9	10	9	10			0				
80	2	晨诣超师院读禅经		5	8	55						240	9	10	9	10			0				
80	3	出游		5	8	55					11200	240	9	10					0				
80	4	春晓		5	8	55						240	9	10	8	120			0				
80	5	梵体诗		5	8	55						240	9	10					0	355	1		
80	6	归嵩山作		5	8	55						240	9	10					0			50	
80	7	寒山顶上月轮孤		5	8	55						240	9	10					0			50	
80	8	哭僧	603	5	8	55						240	9	10			5	2867	1				
81	1	一宿觉		5	8	55						240	9	10	8	120			0				
81	2	震旦传法		5	8	55						240	9	10	9	10			0				
81	3	檐头水滴		5	8	55						240	9	10					0				
81	4	百鸟献花		5	8	55						240	9	10			5	2867	1				
81	5	不敢说苦		5	8	55					11200	240	9	10					0				
81	6	不昧因果		5	8	55						240	9	10	8	120			0				
81	7	寸丝不挂		5	8	55						240	9	10	8	120			0				
81	8	丹霞烧佛		5	8	55						240	9	10	9	10			0				
82	1	题大禹寺义公禅房		6	8	60					12000	320	9	10					0				
82	2	终南别业		6	8	60						320	9	10	9	10			0				
82	3	辋川集・辛夷坞		6	8	60						320	9	10	8	160			0				
82	4	题破山寺后禅院		6	8	60						320	9	10			5	2868	1				
82	5	鹿柴		6	8	60						320	9	10					0	355	1		
82	6	东家一老婆		6	8	60						320	9	10					0				
82	7	庐山东林寺杂诗	609	6	8	60						320	9	10					0			55	
82	8	题义公禅房		6	8	60						320	9	10					0				scripts\skill\生活技能\书籍\体力回复4.lua
83	1	佛法大意品	610	6	8	60						320	9	10	9	10			0				
83	2	佛性无差品		6	8	60						320	9	10					0	355	1		
83	3	狗子佛性品		6	8	60						320	9	10	8	160			0				
83	4	火烧茅庵品		6	8	60						320	9	10			5	4254	1				
83	5	懒惰禅师品		6	8	60						320	9	10	9	10			0				
83	6	了无功德品		6	8	60						320	9	10					0			55	
83	7	路途不力品		6	8	60						320	9	10	9	10			0				
83	8	绳断蛋破品		6	8	60						320	9	10	8	160			0				
84	1	剑侠山河图鉴其一		6	8	60						320	9	10	9	10			0				
84	2	剑侠山河图鉴其二	1335	6	8	60						320	9	10			5	4279	1				
84	3	剑侠山河图鉴其三		6	8	60						320	9	10					0	355	1		
84	4	剑侠山河图鉴其四		6	8	60					12000	320	9	10					0				
84	5	剑侠山河图鉴其五		6	8	60						320	9	10	9	10			0				
85	1	剑侠山河图鉴其六		6	8	65						480	9	10					0	355	1		
85	2	剑侠山河图鉴其七		6	8	65						480	9	10	9	10			0				
85	3	剑侠山河图鉴其八	799	6	8	65						480	9	10			5	4283	1				
85	4	剑侠山河图鉴其九		6	8	65						480	9	10	9	10			0				
85	5	剑侠山河图鉴其十		6	8	65					12800	480	9	10					0				
86	1	哭婆婆		6	8	65						480	9	10					0	355	1		
86	2	十四难上篇	1662	6	8	65						480	9	10					0	355	1		
86	3	十四难下篇		6	8	65						480	9	10	9	10			0				
86	4	风动心	615	6	8	65						480	9	10			5	4226	1				
86	5	黑白鼠上篇	616	6	8	65						480	9	10			5	4234	1				
86	6	黑白鼠下篇		6	8	65						480	9	10					0				
86	7	水泡不实 		6	8	65						480	9	10					0			60	
86	8	盲人摸象		6	8	65						480	9	10					0			60	
87	1	佛说八大人觉经		6	8	65						480	9	10			5	4231	1				
88	1	少林高僧录其一		6	8	65					12800	480	9	10					0				
88	2	少林高僧录其二		6	8	65						480	9	10					0			60	
88	3	少林高僧录其三		6	8	65						480	9	10					0			60	
88	4	少林高僧录其四		6	8	65						480	9	10	8	240			0				
88	5	少林高僧录其五		6	8	65						480	9	10			5	4272	1				
88	6	少林高僧录其六		6	8	65						480	9	10					0				
88	7	少林高僧录其七		6	8	65						480	9	10					0				
88	8	少林高僧录其八	617	6	8	65						480	9	10					0			60	
89	1	禅武之争上	623	6	8	65						480	9	10			5	4288	1				
89	2	禅武之争下	624	6	8	65						480	9	10			5	4261	1				
90	1	少林风物论其一	625	6	8	65						480	9	10			5	4293	1				
90	2	少林风物论其二	626	6	8	65						480	9	10			5	4230	1				
90	3	少林风物论其三		6	8	65						480	9	10			5	4280	1				
90	4	少林风物论其四		6	8	65						480	9	10					0			60	
90	5	秘方：地三鲜		6	8	65						480	9	10			5	4249	1				
90	6	秘方：豆腐鱼		6	8	65						480	9	10					0			60	
90	7	秘方：少林小还丹		6	8	65						480	9	10					0			60	
90	8	秘方：少林大还丹		6	8	65						480	9	10	9	10			0				
91	1	论语卷三其一		3	8	30						40	11	10	8	20			0				
91	2	论语卷三其二		3	8	30					7200	40	11	10					0				
91	3	论语卷三其三		3	8	30						40	11	10					0				scripts\skill\生活技能\书籍\体力回复2.lua
91	4	论语卷三其四		3	8	30						40	11	10					0				scripts\skill\生活技能\书籍\精力回复2.lua
91	5	论语卷三其五		3	8	30					7200	40	11	10					0				
91	6	论语卷三其六		3	8	30						40	11	10			5	2865	1				
91	7	论语卷三其七		3	8	30						40	11	10	8	20			0				
91	8	论语卷三其八		3	8	30						40	11	10					0				
92	1	论语卷四其一		3	8	30						40	11	10					0				
92	2	论语卷四其二		3	8	30						40	11	10	8	20			0				
92	3	论语卷四其三		3	8	30					7200	40	11	10					0				
92	4	论语卷四其四		3	8	30						40	11	10					0	355	1		
92	5	论语卷四其五		3	8	30						40	11	10					0	355	1		
92	6	论语卷四其六		3	8	30						40	11	10					0				
92	7	论语卷四其七		3	8	30						40	11	10					0				scripts\skill\生活技能\书籍\体力回复2.lua
92	8	论语卷四其八		3	8	30						40	11	10	8	20			0				
93	1	庄子梦蝶		2	8	30					6400	30	10	10					0				
93	2	螳臂当车		2	8	30					6400	30	10	10					0				
93	3	楚狂接舆		2	8	30						30	10	10	10	10			0				
93	4	叔山无趾		2	8	30						30	10	10	10	10			0				
93	5	越俎代庖 		2	8	30						30	10	10	8	15			0				
93	6	颜回坐忘		2	8	30						30	10	10					0				scripts\skill\生活技能\书籍\体力回复2.lua
93	7	神巫季咸		2	8	30						30	10	10					0				scripts\skill\生活技能\书籍\体力回复2.lua
93	8	浑沌开窍 		2	8	30						30	10	10					0				
94	1	论语卷五其一		3	8	35						60	11	10			5	2865	1				
94	2	论语卷五其二		3	8	35						60	11	10	8	30			0				
94	3	论语卷五其三		3	8	35						60	11	10					0				
94	4	论语卷五其四		3	8	35						60	11	10					0				
94	5	论语卷五其五		3	8	35						60	11	10					0				scripts\skill\生活技能\书籍\体力回复2.lua
94	6	论语卷五其六		3	8	35						60	11	10			5	2865	1				
94	7	论语卷五其七		3	8	35					8000	60	11	10					0				
94	8	论语卷五其八		3	8	35						60	11	10	8	30			0				
95	1	青龙・角宿第一		3	8	35						60	10	10			5	2865	1				
95	2	青龙・亢宿第二		3	8	35						60	10	10					0				scripts\skill\生活技能\书籍\体力回复2.lua
95	3	青龙・氐宿第三	585	3	8	35						60	10	10			5	4086	1				
95	4	青龙・房宿第四		3	8	35						60	10	10	8	30			0				
95	5	青龙・心宿第五		3	8	35						60	10	10	10	10			0				
95	6	青龙・尾宿第六		3	8	35						60	10	10	10	10			0				
95	7	青龙・箕宿第七		3	8	35						60	10	10					0			30	
96	1	论语卷六其一		3	8	35						60	11	10	8	30			0				
96	2	论语卷六其二		3	8	35						60	11	10	8	30			0				
96	3	论语卷六其三		3	8	35					8000	60	11	10					0				
96	4	论语卷六其四		3	8	35						60	11	10			5	2865	1				
96	5	论语卷六其五		3	8	35						60	11	10			5	2865	1				
96	6	论语卷六其六		3	8	35						60	11	10	8	30			0				
96	7	论语卷六其七		3	8	35						60	11	10	8	30			0				
96	8	论语卷六其八		3	8	35						60	11	10					0				
97	1	道德经卷三其一		4	8	40					8800	80	10	10					0				
97	2	道德经卷三其二		4	8	40						80	10	10					0				
97	3	道德经卷三其三		4	8	40						80	10	10					0				
97	4	道德经卷三其四		4	8	40					8800	80	10	10					0				
97	5	道德经卷三其五		4	8	40						80	10	10	10	10			0				
97	6	道德经卷三其六		4	8	40						80	10	10			5	4004	1				
97	7	道德经卷三其七		4	8	40						80	10	10	8	40			0				
97	8	道德经卷三其八	590	4	8	40						80	10	10					0			35	
98	1	玄武・斗宿第一		4	8	40						80	10	10					0			35	
98	2	玄武・牛宿第二		4	8	40						80	10	10					0				
98	3	玄武・女宿第三		4	8	40					8800	80	10	10					0				
98	4	玄武・虚宿第四		4	8	40						80	10	10					0	355	1		
98	5	玄武・危宿第五		4	8	40						80	10	10					0				
98	6	玄武・室宿第六		4	8	40						80	10	10	10	10			0				
98	7	玄武・壁宿第七	591	4	8	40						80	10	10			5	4051	1				
99	1	论语卷七其一		4	8	40						80	11	10	8	40			0				
99	2	论语卷七其二		4	8	40						80	11	10	8	40			0				
99	3	论语卷七其三		4	8	40					8800	80	11	10					0				
99	4	论语卷七其四		4	8	40					8800	80	11	10					0				
99	5	论语卷七其五		4	8	40						80	11	10			5	2866	1				
99	6	论语卷七其六		4	8	40						80	11	10			5	2866	1				
99	7	论语卷七其七		4	8	40						80	11	10	8	40			0				
99	8	论语卷七其八		4	8	40						80	11	10	8	40			0				
100	1	让王其一		4	8	45						120	10	10	10	10			0				
100	2	让王其二		4	8	45						120	10	10			5	2866	1				
100	3	让王其三		4	8	45						120	10	10	8	60			0				
100	4	让王其四		4	8	45						120	10	10	8	60			0				
100	5	让王其五		4	8	45						120	10	10	10	10			0				
100	6	让王其六		4	8	45					9600	120	10	10					0				
100	7	让王其七		4	8	45						120	10	10					0			40	
100	8	让王其八		4	8	45						120	10	10					0			40	
101	1	论语卷八其一		4	8	45					9600	120	11	10					0				
101	2	论语卷八其二		4	8	45						120	11	10			5	2866	1				
101	3	论语卷八其三		4	8	45						120	11	10	8	60			0				
101	4	论语卷八其四		4	8	45						120	11	10	8	60			0				
101	5	论语卷八其五		4	8	45					9600	120	11	10					0				
101	6	论语卷八其六		4	8	45						120	11	10					0				
101	7	论语卷八其七		4	8	45						120	11	10					0				
101	8	论语卷八其八		4	8	45						120	11	10					0				
102	1	臧谷亡羊		5	8	50						160	10	10			5	4087	1				
102	2	庄子借粮		5	8	50						160	10	10					0	355	1		
102	3	蜗角之争上篇		5	8	50						160	10	10					0				
102	4	蜗角之争下篇		5	8	50						160	10	10	8	80			0				
102	5	呆若木鸡		5	8	50						160	10	10					0			45	
102	6	庖丁解牛		5	8	50						160	10	10	10	10			0				
102	7	螳螂捕蝉上篇		5	8	50						160	10	10			5	4067	1				
102	8	螳螂捕蝉下篇		5	8	50						160	10	10	10	10			0				
103	1	论语卷九其一		5	8	50						160	11	10	8	80			0				
103	2	论语卷九其二		5	8	50						160	11	10	8	80			0				
103	3	论语卷九其三		5	8	50						160	11	10					0				
103	4	论语卷九其四		5	8	50						160	11	10			5	4490	1				
103	5	论语卷九其五		5	8	50						160	11	10					0			50	
103	6	论语卷九其六		5	8	50						160	11	10					0	355	1		
103	7	论语卷九其七		5	8	50						160	11	10					0			50	
103	8	论语卷九其八		5	8	50						160	11	10			5	2867	1				
104	1	白虎・奎宿第一		5	8	50						160	10	10					0				
104	2	白虎・娄宿第二		5	8	50						160	10	10	8	80			0				
104	3	白虎・胃宿第三		5	8	50					10400	160	10	10					0				
104	4	白虎・昴宿第四		5	8	50						160	10	10			5	4095	1				
104	5	白虎・毕宿第五		5	8	50						160	10	10			5	2867	1				
104	6	白虎・觜宿第六	595	5	8	50						160	10	10	10	10			0				
104	7	白虎・参宿第七		5	8	50						160	10	10	10	10			0				
105	1	论语卷十其一		5	8	55						240	11	10			5	4380	1				
105	2	论语卷十其二		5	8	55						240	11	10					0				
105	3	论语卷十其三		5	8	55						240	11	10					0			50	
105	4	论语卷十其四		5	8	55						240	11	10			5	4120	1				
105	5	论语卷十其五		5	8	55						240	11	10			5	2867	1				
105	6	论语卷十其六		5	8	55						240	11	10					0	355	1		
105	7	论语卷十其七		5	8	55						240	11	10			5	2867	1				
105	8	论语卷十其八		5	8	55					11200	240	11	10					0				
106	1	道德经卷四其一		5	8	55						240	10	10			5	4014	1				
106	2	道德经卷四其二		5	8	55						240	10	10	8	120			0				
106	3	道德经卷四其三	596	5	8	55						240	10	10					0				scripts\skill\生活技能\书籍\体力回复3.lua
106	4	道德经卷四其四		5	8	55						240	10	10	8	120			0				
106	5	道德经卷四其五		5	8	55						240	10	10	10	10			0				
106	6	道德经卷四其六		5	8	55						240	10	10					0				
106	7	道德经卷四其七		5	8	55						240	10	10	10	10			0				
106	8	道德经卷四其八		5	8	55						240	10	10					0				scripts\skill\生活技能\书籍\精力回复3.lua
107	1	太极生两仪上		5	8	55						240	10	10					0				scripts\skill\生活技能\书籍\体力回复3.lua
107	2	太极生两仪下		5	8	55						240	10	10					0			50	
107	3	两仪生四象上		5	8	55						240	10	10	8	120			0				
107	4	两仪生四象下		5	8	55						240	10	10					0			50	
107	5	四象生八卦上	597	5	8	55						240	10	10					0			50	
107	6	四象生八卦下	598	5	8	55						240	10	10	10	10			0				
108	1	道德经卷五其一		6	8	60						320	10	10					0				scripts\skill\生活技能\书籍\精力回复4.lua
108	2	道德经卷五其二		6	8	60						320	10	10					0				
108	3	道德经卷五其三	611	6	8	60						320	10	10			5	4026	1				
108	4	道德经卷五其四		6	8	60						320	10	10					0	355	1		
108	5	道德经卷五其五		6	8	60						320	10	10	10	10			0				
108	6	道德经卷五其六		6	8	60						320	10	10	8	160			0				
108	7	道德经卷五其七		6	8	60						320	10	10			5	2868	1				
108	8	道德经卷五其八		6	8	60						320	10	10					0	355	1		
109	1	纯阳秘录第一章		6	8	60						320	10	10	8	160			0				
109	2	纯阳秘录第二章		6	8	60						320	10	10					0	355	1		
109	3	纯阳秘录第三章		6	8	60						320	10	10	8	160			0				
109	4	纯阳秘录第四章	612	6	8	60					12000	320	10	10					0				
109	5	纯阳秘录第五章		6	8	60						320	10	10			5	4049	1				
109	6	纯阳秘录第六章		6	8	60						320	10	10					0			55	
109	7	纯阳秘录第七章		6	8	60						320	10	10	10	10			0				
109	8	纯阳秘录第八章		6	8	60						320	10	10	10	10			0				
110	1	玉虚子传		6	8	60						320	10	10					0				
110	2	灵虚子传		6	8	60					12000	320	10	10					0				
110	3	清虚子传		6	8	60					12000	320	10	10					0				
110	4	紫虚子传		6	8	60					12000	320	10	10					0				
110	5	金虚子传		6	8	60					12000	320	10	10					0				
111	1	朝三暮四		6	8	65						480	10	10	10	10			0				
111	2	盗亦有道	621	6	8	65						480	10	10			5	4103	1				
111	3	黄帝遗珠		6	8	65						480	10	10					0			60	
111	4	轮扁斫轮		6	8	65						480	10	10					0			60	
111	5	井底之蛙		6	8	65						480	10	10			5	4017	1				
111	6	子非鱼	1657	6	8	65						480	10	10					0	355	1		
111	7	唇亡齿寒上篇		6	8	65						480	10	10					0			60	
111	8	唇亡齿寒下篇		6	8	65						480	10	10			5	4003	1				
112	1	冲虚丹术第五诀・灵草丹法		0	8	15						15	10	10	7	15			0				
112	2	冲虚丹术第六诀・奇花丹法	629	2	8	25						30	10	10	7	17			0				
112	3	冲虚丹术第七诀・圣水丹法		3	8	35						60	10	10	7	19			0				
112	4	冲虚丹术第八诀・真果丹法		4	8	45						120	10	10			5	2236	1				
112	5	冲虚丹术第九诀・耀日丹法		5	8	55						240	10	10			5	2714	1				
112	6	冲虚丹术第十诀・皓月丹法		6	8	65						480	10	10			5	2703	1				
112	7	冲虚丹术第十一诀・天星丹法		7	8	70						480	10	10			5	2734	1				
112	8	冲虚丹术第十二诀・流云丹法		7	8	70						480	10	10			5	2733	1				
113	1	八仙传之一	622	6	8	65						480	10	10					0				
113	2	八仙传之二		6	8	65						480	10	10					0				
113	3	八仙传之三		6	8	65						480	10	10	8	240			0				
113	4	八仙传之四		6	8	65						480	10	10	10	10			0				
113	5	八仙传之五		6	8	65						480	10	10					0				
113	6	八仙传之六		6	8	65						480	10	10			5	2868	1				
113	7	八仙传之七		6	8	65						480	10	10			5	4058	1				
113	8	八仙传之八		6	8	65						480	10	10			5	2868	1				
114	1	朱雀・井宿第一		6	8	65						480	10	10	10	10			0				
114	2	朱雀・鬼宿第二		6	8	65						480	10	10	10	10			0				
114	3	朱雀・柳宿第三	620	6	8	65						480	10	10			5	4033	1				
114	4	朱雀・星宿第四		6	8	65						480	10	10			5	4008	1				
114	5	朱雀・张宿第五		6	8	65						480	10	10			5	4085	1				
114	6	朱雀・翼宿第六		6	8	65						480	10	10					0	355	1		
114	7	朱雀・轸宿第七		6	8	65						480	10	10			5	4098	1				
115	1	冲虚丹术第一诀・青龙丹法		3	8	30						40	10	10	7	18			0				
115	2	冲虚丹术第二诀・白虎丹法		4	8	45						120	10	10	7	21			0				
115	3	冲虚丹术第三诀・朱雀丹法		5	8	55						240	10	10			5	2723	1				
115	4	冲虚丹术第四诀・玄武丹法		7	8	70						480	10	10			5	2735	1				
116	1	达摩洗髓经上篇・无我		3	8	30						40	9	10					0	355	1		
116	2	达摩洗髓经下篇・无相		3	8	30						40	9	10			5	4263	1				
117	1	清净妙论上篇・舍身		3	8	30						40	10	10					0	355	1		
117	2	清净妙论下篇・坐忘		3	8	30						40	10	10			5	4094	1				
118	1	上之回		3	8	35						60	11	10					0				
118	2	塞上曲		3	8	35						60	11	10					0				
118	3	空城雀		3	8	35						60	11	10			5	4351	1				
118	4	发白马		3	8	35						60	11	10					0	355	1		
118	5	枯鱼过河泣		3	8	35						60	11	10					0	355	1		
118	6	君马黄		3	8	35						60	11	10	8	30			0				
118	7	对酒行		3	8	35						60	11	10	8	30			0				
118	8	紫骝马	583	3	8	35						60	11	10			5	4333	1				
119	1	采莲曲		3	8	35						60	11	10	8	30			0				
119	2	杨叛儿		3	8	35						60	11	10	8	30			0				
119	3	入朝曲		3	8	35						60	11	10			5	4146	1				
119	4	野田黄雀行		3	8	35						60	11	10			5	4152	1				
119	5	乌夜啼		3	8	35						60	11	10			5	2865	1				
119	6	乌栖曲		3	8	35					8000	60	11	10					0				
119	7	临江王节士歌	584	3	8	35						60	11	10					0	355	1		
119	8	丁督护歌		3	8	35						60	11	10					0	355	1		
120	1	蜀道难		5	8	55						240	11	10	8	120			0				
120	2	梁甫吟		5	8	55						240	11	10	8	120			0				
120	3	战城南	599	5	8	55						240	11	10			5	2867	1				
120	4	将进酒		5	8	55						240	11	10	4	23			0				
120	5	行行游且猎篇		5	8	55						240	11	10	5	23			0				
120	6	飞龙引二首		5	8	55					11200	240	11	10					0				
120	7	天马歌		5	8	55						240	11	10			5	2867	1				
120	8	长相思		5	8	55						240	11	10	8	120			0				
121	1	伏魔袈裟		6	8	65						480	9	10					0	355	1		
121	2	沙罗杖		6	8	65						480	9	10									
122	1	神仙自在说		6	8	65						480	10	10			5	4034	1				
122	2	凌云心法		6	8	65						480	10	10			5	4079	1				
123	1	商道第一章		7	8	70						480	11	10			5	2868	1				
123	2	商道第二章		7	8	70						480	11	10			5	2868	1				
123	3	商道第三章		7	8	70						480	11	10					0			60	
124	1	般若要诀第一章		7	8	70						480	9	10					0			60	
124	2	般若要诀第二章		7	8	70						480	9	10					0			60	
124	3	般若要诀第三章		7	8	70						480	9	10			5	4294	1				
125	1	真元秘要之一		7	8	70						480	10	10					0			60	
125	2	真元秘要之二		7	8	70						480	10	10					0			60	
125	3	真元秘要之三		7	8	70						480	10	10					0			60	
126	1	寒冰诀疏义第一章・风寒		7	8	70						480	11	10					0			65	
126	2	寒冰诀疏义第二章・雪舞		7	8	70						480	11	10					0			65	
126	3	寒冰诀疏义第三章・冰凝		7	8	70						480	11	10					0			65	
126	4	寒冰诀疏义第四章・意冷		7	8	70						480	11	10					0			65	
127	1	奥义诀第一章・元气		7	8	70						480	11	10					0			65	
127	2	奥义诀第二章・心神		7	8	70						480	11	10					0			65	
127	3	奥义诀第三章・刀意		7	8	70						480	11	10					0			65	
127	4	奥义诀第四章・天地同归		7	8	70						480	11	10					0			65	
128	1	白衣雪魔王遗风・上		7	8	70						480	11	10					0			60	
128	2	白衣雪魔王遗风・中		7	8	70						480	11	10					0			60	
128	3	白衣雪魔王遗风・下		7	8	70						480	11	10			5	2868	1				
128	4	夺命阎王肖药儿・上		7	8	70						480	11	10			5	2868	1				
128	5	夺命阎王肖药儿・下		8	8	70						480	11	10					0			70	
129	1	天枢・上		7	8	70						480	11	10					0			60	
129	2	天枢・中		7	8	70						480	11	10					0			60	
129	3	天枢・下		7	8	70						480	11	10			5	2868	1				
129	4	天玑・上		7	8	70						480	11	10			5	2868	1				
129	5	天玑・下		8	8	70						480	11	10					0			70	
130	1	江湖录第一章・少林		8	8	70						480	11	10					0			70	
130	2	江湖录第二章・纯阳		8	8	70						480	11	10			5	4068	1				
130	3	江湖录第三章・长歌		8	8	70						480	11	10					0			70	
131	1	江湖录第四章・天策		8	8	70						480	11	10					0			70	
131	2	江湖录第五章・七秀		8	8	70						480	11	10			5	4129	1				
131	3	江湖录第六章・万花		8	8	70						480	11	10					0			70	
132	1	江湖录第七章・昆仑		8	8	70						480	11	10					0			70	
132	2	江湖录第八章・唐门		8	8	70						480	11	10					0			70	
132	3	江湖录第九章・丐帮		8	8	70						480	11	10					0			70	
133	1	大力金刚掌第一式		7	8	70						480	9	10			5	4295	1				
133	2	大力金刚掌第二式		8	8	70						480	9	10			5	4300	1				
133	3	大力金刚掌第三式		8	8	70						480	9	10					0			70	
133	4	大力金刚掌第四式		8	8	70						480	9	10			5	4244	1				
133	5	大力金刚掌第五式		8	8	70						480	9	10					0			75	
134	1	纯阳诀其一		7	8	70						480	10	10					0			65	
134	2	纯阳诀其二		8	8	70						480	10	10			5	4045	1				
134	3	纯阳诀其三		8	8	70						480	10	10					0			70	
134	4	纯阳诀其四		8	8	70						480	10	10			5	4027	1				
134	5	纯阳诀其五		8	8	70						480	10	10			5	4069	1				
135	1	七秀剑舞诀第一章		7	8	70						480	11	10			5	4123	1				
135	2	七秀剑舞诀第二章		8	8	70						480	11	10			5	4172	1				
135	3	七秀剑舞诀第三章		8	8	70						480	11	10					0			70	
135	4	七秀剑舞诀第四章		8	8	70						480	11	10			5	4179	1				
135	5	七秀剑舞诀第五章		8	8	70						480	11	10					0			75	
136	1	太宗兵法第一章		7	8	70						480	11	10			5	4390	1				
136	2	太宗兵法第二章		8	8	70						480	11	10			5	4332	1				
136	3	太宗兵法第三章		8	8	70						480	11	10					0			70	
136	4	太宗兵法第四章		8	8	70						480	11	10			5	4357	1				
136	5	太宗兵法第五章		8	8	70						480	11	10					0			75	
137	1	万花岐黄术第一章		7	8	70						480	11	10					0			65	
137	2	万花岐黄术第二章		8	8	70						480	11	10			5	4419	1				
137	3	万花岐黄术第三章		8	8	70						480	11	10			5	4421	1				
137	4	万花岐黄术第四章		8	8	70						480	11	10			5	4437	1				
137	5	万花岐黄术第五章		8	8	70						480	11	10					0			75	
138	1	江湖名门录之一		0	8	10						10	11	10	8	5			0				
138	2	江湖名门录之二		0	8	10						10	11	10			5	2863	1				
138	3	江湖名门录之三		1	8	10						10	11	10					0	355	1		
138	4	江湖名门录之四		0	8	15						15	11	10	8	8			0				
138	5	江湖名门录之五	795	1	8	15					4800	15	11	10					0				
139	1	神匠技艺之一		2	8	20						20	11	10	8	10			0				
139	2	神匠技艺之二		2	8	20					5600	20	11	10					0				
139	3	神匠技艺之三	796	2	8	20						20	11	10					0	355	1		
139	4	神匠技艺之四		2	8	20					5600	20	11	10					0				
139	5	神匠技艺之五		2	8	20						20	11	10			5	2864	1				
139	6	神匠技艺之六		2	8	20						20	11	10			5	2864	1				
139	7	神匠技艺之七		2	8	20						20	11	10			5	2864	1				
139	8	神匠技艺之八		2	8	20						20	11	10	8	10			0				
140	1	武林杂记之一		2	8	20						20	11	10	8	10			0				
140	2	武林杂记之二		2	8	20						20	11	10	8	10			0				
140	3	武林杂记之三		2	8	20					5600	20	11	10					0				
140	4	武林杂记之四		2	8	20						20	11	10			5	2864	1				
140	5	武林杂记之五		2	8	20						20	11	10			5	2864	1				
140	6	武林杂记之六	797	2	8	20						20	11	10					0	355	1		
140	7	武林杂记之七		2	8	20					5600	20	11	10					0				
140	8	武林杂记之八		2	8	20						20	11	10			5	2864	1				
141	1	牛郎织女		6	8	65						480	11	10					0				
141	2	孟姜女哭长城		6	8	65						480	11	10					0				
141	3	白蛇传		6	8	65						480	11	10	8	240			0				
141	4	梁山伯与祝英台		6	8	65						480	11	10					0			60	
141	5	天仙配		6	8	65					12800	480	11	10					0				
141	6	柳毅传		6	8	65						480	11	10					0				
141	7	女神巨蟒永世相随		6	8	65						480	11	10					0	355	1		
141	8	田螺姑娘		6	8	65						480	11	10					0				
142	1	孔雀东南飞		6	8	65						480	11	10					0				
142	2	陌上桑		6	8	65						480	11	10					0				scripts\skill\生活技能\书籍\体力回复4.lua
142	3	郭华郎与王月英		6	8	65						480	11	10					0				
142	4	螺女逃婚		6	8	65						480	11	10					0			60	
142	5	霸王别姬		6	8	65						480	11	10					0	355	1		
142	6	洛神宓妃		6	8	65						480	11	10					0				
142	7	洛神赋		6	8	65						480	11	10					0				scripts\skill\生活技能\书籍\体力回复4.lua
142	8	乘龙快婿		6	8	65						480	11	10					0				
143	1	文君夜奔相如		6	8	65						480	11	10					0				
143	2	破镜重圆		6	8	65						480	11	10	8	240			0				
143	3	樊梨花与薛丁山		6	8	65						480	11	10					0				scripts\skill\生活技能\书籍\体力回复4.lua
143	4	干将莫邪		6	8	65						480	11	10					0			60	
143	5	娥皇女英	4293	6	8	65						480	11	10	8	240			0				
143	6	金屋藏娇		6	8	65						480	11	10					0				
143	7	铜雀春深锁二乔		6	8	65						480	11	10					0				scripts\skill\生活技能\书籍\体力回复4.lua
143	8	诸葛亮与黄月英 		6	8	65						480	11	10					0				
144	1	鹿王本生・上		6	8	65						480	11	10					0	355	1		
144	2	鹿王本生・中	1647	6	8	65						480	11	10					0			60	
144	3	鹿王本生・下	1644	6	8	65						480	11	10					0				scripts\skill\生活技能\书籍\精力回复4.lua
145	1	嫦娥奔月		4	8	10							11						0				
145	2	吴刚伐桂		4	8	10							11						0				
145	3	玉兔捣药		4	8	10							11						0				
145	4	玉兔入月宫		4	8	10							11						0				
145	5	月下独酌		4	8	10							11						0				
145	6	秋宵月下有怀		4	8	10							11						0				
145	7	望月怀远		4	8	10							11						0				
145	8	八月十五夜月		4	8	10							11						0				
146	1	拂林风情录		5	8	10							11						0				
146	2	元旦春始记		5	8	10							11						0				
146	3	团团的画像		5	8	10							11						0				
146	4	隐元食鉴・盘龙饺		5	8	10							11				5	5226	0				
146	5	隐元食鉴・戏凤饺		5	8	10							11				5	5225	0				
146	6	冬至书・溯源		5	8	10							11						0				
146	7	冬至书・民俗		5	8	10							11						0				
146	8	冬至书・诗词		5	8	10							11						0				
147	1	剪纸：龙腾		5	8	10							11						0				
147	2	剪纸：虎跃		5	8	10							11						0				
147	3	剪纸：凤舞		5	8	10							11						0				
147	4	剪纸：鹤立		5	8	10							11						0				
147	5	剪纸：鱼游		5	8	10							11						0				
147	6	剪纸：福		5	8	10							11						0				
147	7	剪纸：吉		5	8	10							11						0				
147	8	剪纸：		5	8	10							11						0				
148	1	节分端午自谁言・屈原		5	8	10							11						0				
148	2	节分端午自谁言・曹娥		5	8	10							11						0				
148	3	节分端午自谁言・伍子胥		5	8	10							11						0				
148	4	节分端午自谁言・恶日		5	8	10							11						0				
149	1	虎言乱语		5	8	10							11						0				
149	2	兔言乱语		5	8	10							11						0				
149	3	龙言乱语		5	8	10							11						0				
150	1	红尘学艺		5	8	50							11						0				
150	2	废而后立		5	8	50							11						0				
150	3	血眼情殇		5	8	50							11						0				
150	4	复仇大计		5	8	50							11						0				
150	5	屠城血魔		5	8	50							11						0				
150	6	物极必反		5	8	50							11						0				
150	7	血龙出渊		5	8	50							11						0				
150	8	深仇难报		5	8	50							11						0				
151	1	南屏山事件第一章		5	8	50							11						0				
151	2	南屏山事件第二章		5	8	50							11						0				
151	3	南屏山事件第三章		5	8	50							11						0				
151	4	南屏山事件第四章		5	8	50							11						0				
151	5	山河社稷图第一章		5	8	50							11						0				
151	6	山河社稷图第二章		5	8	50							11						0				
151	7	山河社稷图第三章		5	8	50							11						0				
151	8	山河社稷图第四章		5	8	50							11						0				
152	1	潜龙勿用		5	8	50							11						0				
152	2	囚龙之地		5	8	50							11						0				
152	3	血龙旧部		5	8	50							11						0				
152	4	兄妹情深		5	8	50							11						0				
152	5	奸计得逞		5	8	50							11						0				
152	6	冷血刺客		5	8	50							11						0				
152	7	解龙之锁		5	8	50							11						0				
152	8	飞龙在天		5	8	50							11						0				
153	1	自题	2727	7	8	70					13800	650	11	10					0				
153	2	倒句	2728	7	8	70						650	11	10	8	500			0				
153	3	醉题	2729	7	8	70						650	11	10					0			150	
153	4	荷	2853	7	8	70						650	11	10					0	355	1		
153	5	春	2730	7	8	70						650	11	10	8	500							
153	6	秋	2731	7	8	70						650	11	10					0			150	
153	7	夜	2732	7	8	70					13800	650	11	10					0				
153	8	念	2733	7	8	70						650	11	10					0	355	1		
154	1	苗岭异事其一		7	8	15						20	11	10					0				scripts\skill\生活技能\书籍\体力回复6.lua
154	2	苗岭异事其二		7	8	15						20	11	10					0			150	
154	3	苗岭异事其三		7	8	15						20	11	10					0			150	
154	4	苗岭异事其四		7	8	15						20	11	10					0				scripts\skill\生活技能\书籍\精力回复6.lua
154	5	苗岭异事其五		7	8	15						20	11	10					0				scripts\skill\生活技能\书籍\精力回复6.lua
154	6	苗岭异事其六		7	8	15						20	11	10					0			150	
154	7	苗岭异事其七		7	8	15						20	11	10					0			150	
154	8	苗岭异事其八		7	8	15						650	11	10					0			150	
155	1	天策新星	2742	7	8	72						650	11	10	8	500			0				
155	2	一战成名	2743	7	8	72						650	11	10					0				scripts\skill\生活技能\书籍\体力回复6.lua
155	3	白身入天策	2744	7	8	72						650	11	10	8	500			0				
155	4	力夺金牌	2745	7	8	72					13800	650	11	10					0				
155	5	浩气主人	2746	7	8	72						650	11	10					0	355	1		
155	6	名满江湖	2747	7	8	72						650	11	10					0			150	
155	7	武林盟主	2748	7	8	72						650	11	10	8	500							
155	8	故人遗孤	2749	7	8	72						650	11	10	8	500							
156	1	九天初鸣	2750	7	8	73					13800	650	11	10					0				
156	2	平天下	2751	7	8	73						650	11	10	8	500			0				
156	3	帝王野望	2752	7	8	73						650	11	10					0			150	
156	4	内乱新规	2753	7	8	73						650	11	10					0	355	1		
156	5	信念	2754	7	8	73						650	11	10	8	500							
156	6	剑之圣者	2755	7	8	73						650	11	10					0				scripts\skill\生活技能\书籍\精力回复6.lua
156	7	鬼谋	2756	7	8	73						650	11	10	8	500							
157	1	无机子创派	2757	7	8	74						650	11	10	8	500							
157	2	大饥荒之年	2758	7	8	74						650	11	10					0			150	
157	3	伪善本源	2759	7	8	74					13800	650	11	10					0				
157	4	刺龙子与星见术	2760	7	8	74						650	11	10	8	500			0				
157	5	残酷门规	2761	7	8	74						650	11	10					0				scripts\skill\生活技能\书籍\体力回复6.lua
157	6	千秋法师	2762	7	8	74						650	11	10					0	355	1		
157	7	上代角木	2763	7	8	74						650	11	10					0	355	1		
158	1	金蚕蛊	2764	7	8	75						650	11	10					0	355	1		
158	2	泥鳅蛊	2765	7	8	75						650	11	10					0			150	
158	3	云南金沙蛊	2766	7	8	75						650	11	10	8	500			0				
158	4	四川彝蛊	2767	7	8	75						650	11	10	8	500							
158	5	植物蛊	2768	7	8	75						650	11	10					0			150	
158	6	针蛊	2769	7	8	75					13800	650	11	10					0				
159	1	太上五蛊丸	2770	7	8	75						650	11	10					0	355	1		
159	2	太一追命丸	2771	7	8	75						650	11	10					0			150	
159	3	治人得药杂蛊方	2772	7	8	75						650	11	10	8	500							
159	4	犀角丸	2773	7	8	75						650	11	10	8	500							
159	5	制蛊毒方	2774	7	8	75						650	11	10	8	500							
160	1	龙女拜观音	2775	7	8	76						650	11	10					0	355	1		
160	2	泸沽湖的传说	2776	7	8	76						650	11	10					0			150	
160	3	洱海鱼鹰	2777	7	8	76						650	11	10	8	500							
160	4	女神的故事	2778	7	8	76						650	11	10	8	500			0				
160	5	火把节的传说	2779	7	8	76						650	11	10					0	355	1		
160	6	泼水节	2780	7	8	76						650	11	10					0			150	
161	1	四凶―饕餮	2781	7	8	76					13800	650	11	10					0				
161	2	四凶―杌	2782	7	8	76						650	11	10					0			150	
161	3	四凶―穷奇	2783	7	8	76						650	11	10	8	500							
161	4	四凶―混沌	2784	7	8	76						650	11	10					0				scripts\skill\生活技能\书籍\精力回复6.lua
162	1	军队体制编制	2785	7	8	77					13800	650	11	10					0				
162	2	禁军	2786	7	8	77						650	11	10	8	500							
162	3	团结兵	2787	7	8	77						650	11	10					0			150	
162	4	唐后期的军队	2788	7	8	77						650	11	10					0	355	1		
162	5	藩镇军	2789	7	8	77						650	11	10					0	355	1		
163	1	共叔段起兵	2790	7	8	78						650	11	10					0	355	1		
163	2	北地都督	2791	7	8	78						650	11	10					0			150	
163	3	大理宫与天龙寺	2792	7	8	78						650	11	10	8	500							
163	4	六脉神剑	2793	7	8	78						650	11	10	8	500							
163	5	第一家	2794	7	8	78						650	11	10					0			150	
163	6	家族的威胁	2795	7	8	78						650	11	10	8	500							
163	7	两宫之争	2796	7	8	78						650	11	10					0	355	1		
163	8	不牢固的战车	2797	7	8	78						650	11	10					0	355	1		
164	1	红尘	2798	7	8	79						650	11	10					0			150	
164	2	圆睿	2799	7	8	79					13800	650	11	10					0				
164	3	心结	2800	7	8	79						650	11	10	8	500							
164	4	文小月・一	2801	7	8	79						650	11	10	8	500			0				
164	5	文小月・二	2802	7	8	79						650	11	10					0	355	1		
164	6	遗风公子	2803	7	8	79						650	11	10					0	355	1		
164	7	月圆之变	2804	7	8	79						650	11	10					0			150	
164	8	一怒倾城	2805	7	8	79					13800	650	11	10					0				
165	1	英雄的族	2806	8	8	80						650	11	10	8	500							
165	2	王与四勇士	2807	8	8	80						650	11	10	8	500							
165	3	天上神	2808	8	8	80						650	11	10	8	500							
165	4	神木	2809	8	8	80						650	11	10					0			150	
165	5	舞与猎	2810	8	8	80						650	11	10	8	500							
165	6	花山节	2811	8	8	80						650	11	10	8	500							
165	7	羊与鹿	2812	8	8	80						650	11	10					0				scripts\skill\生活技能\书籍\体力回复6.lua
165	8	虎与狼	2813	8	8	80						650	11	10					0			75	
166	1	无心岭	2814	8	8	74						650	11	10	8	500							
166	2	五圣教村落	2815	8	8	74						650	11	10	8	500							
166	3	圣兽潭	2816	8	8	74						650	11	10					0				scripts\skill\生活技能\书籍\精力回复6.lua
166	4	锭山瀑布	2817	8	8	74						650	11	10	8	500							
166	5	大祭坛	2818	8	8	74						650	11	10	8	500							
166	6	祝融神殿	2819	8	8	74						650	11	10					0			75	
167	1	花俏书生		8	8	80						650	11	10					0			150	
167	2	洱海王子		8	8	80						650	11	10					0			150	
167	3	六诏之乱		8	8	80						650	11	10					0				scripts\skill\生活技能\书籍\体力回复6.lua
167	4	牡丹与阿萨辛		8	8	80						650	11	10					0				scripts\skill\生活技能\书籍\精力回复6.lua
168	1	六大恶魔		8	8	80						650	11	10					0			150	
168	2	塔洛马蒂之鼻		8	8	80						650	11	10					0			150	
168	3	蛇厨子		8	8	80						650	11	10					0			150	
168	4	背叛的后果		8	8	80						650	11	10					0				scripts\skill\生活技能\书籍\体力回复6.lua
169	1	背棺者		8	8	80						650	11	10					0				scripts\skill\生活技能\书籍\精力回复6.lua
169	2	爱与责任		8	8	80						650	11	10					0				scripts\skill\生活技能\书籍\体力回复6.lua
169	3	红尘相守		8	8	80						650	11	10					0			150	
169	4	永远的伴		8	8	80						650	11	10					0			150	
170	1	卫七少		8	8	80						650	11	10					0			150	
170	2	千里相送		8	8	80						650	11	10					0			150	
170	3	黄山盗书		8	8	80						650	11	10					0			150	
170	4	神偷侠盗		8	8	80						650	11	10					0				scripts\skill\生活技能\书籍\精力回复6.lua
171	1	绝代双骄		8	8	80						650	11	10					0			150	
171	2	中土之行		8	8	80						650	11	10					0			150	
171	3	阴阳论		8	8	80						650	11	10					0			150	
171	4	多歧路		8	8	80						650	11	10					0				scripts\skill\生活技能\书籍\体力回复6.lua
171	5	二元阿萨辛		8	8	80						650	11	10					0				scripts\skill\生活技能\书籍\精力回复6.lua
172	1	少女旧事		8	8	80						650	11	10					0				scripts\skill\生活技能\书籍\体力回复6.lua
172	2	两心知		8	8	80						650	11	10					0			150	
172	3	负心人		8	8	80						650	11	10					0				scripts\skill\生活技能\书籍\精力回复6.lua
172	4	当时的心情		8	8	80						650	11	10					0			150	
173	1	曾记得		8	8	80						650	11	10					0			150	
173	2	贤妻的规条		8	8	80						650	11	10					0			150	
173	3	爱子的下落		8	8	80						650	11	10					0			150	
173	4	醒来之日		8	8	80						650	11	10					0			150	
174	1	乌蒙贵的作品		8	8	80						650	11	10					0				scripts\skill\生活技能\书籍\体力回复6.lua
174	2	蟒熊猿狼		8	8	80						650	11	10					0				scripts\skill\生活技能\书籍\精力回复6.lua
174	3	标本之蛇与猿		8	8	80						650	11	10					0				scripts\skill\生活技能\书籍\体力回复6.lua
174	4	标本之熊与狼		8	8	80						650	11	10					0			150	
175	1	北霸枪		8	8	80						650	11	10					0				scripts\skill\生活技能\书籍\精力回复6.lua
175	2	辽东火凤		8	8	80						650	11	10					0			150	
175	3	琼楼玉宇		8	8	80						650	11	10					0			150	
175	4	金风玉露		8	8	80						650	11	10					0			150	
176	1	杂贺火忍・雾隐寅藏		8	8	80						650	11	10					0			150	
176	2	杂贺冰忍・杂贺源五郎		8	8	80						650	11	10					0			150	
176	3	杂贺阴忍・仓凛柿子		8	8	80						650	11	10					0				scripts\skill\生活技能\书籍\体力回复6.lua
176	4	杂贺忍者		8	8	80						650	11	10					0			150	
177	1	风魔家大公子・风魔空		8	8	80						650	11	10					0			150	
177	2	风魔家总师范・风魔钢		8	8	80						650	11	10					0			150	
177	3	风魔世家		8	8	80						650	11	10					0			150	
177	4	雪麒剑		8	8	80						650	11	10					0			150	
178	1	蛮将・苏贝德哈		8	8	80						650	11	10					0				scripts\skill\生活技能\书籍\精力回复6.lua
178	2	蛮帅・里赤梅		8	8	80						650	11	10					0			150	
178	3	虎族		8	8	80						650	11	10					0				scripts\skill\生活技能\书籍\体力回复6.lua
178	4	藤蓝甲		8	8	80						650	11	10					0				scripts\skill\生活技能\书籍\精力回复6.lua
179	1	骨面天君		8	8	80						650	11	10					0				scripts\skill\生活技能\书籍\体力回复6.lua
179	2	鹰眼客		8	8	80						650	11	10					0				scripts\skill\生活技能\书籍\精力回复6.lua
179	3	树敌万千		8	8	80						650	11	10					0				scripts\skill\生活技能\书籍\体力回复6.lua
179	4	醉蝶林之战		8	8	80						650	11	10					0			150	
180	1	把酒问月		2	8	20						20	11	10					0				
180	2	饮中八仙歌		2	8	20						20	11	10					0				
180	3	貂蝉拜月		2	8	20						20	11	10					0				
180	4	中秋燃灯		2	8	20						20	11	10					0				
181	1	唐门姐妹		1	8	15						15	11	10					0				
181	2	庙会初遇		1	8	15						15	11	10					0				
181	3	芳心暗许		1	8	15						15	11	10					0				
181	4	任务遇险		1	8	15						15	11	10					0				
181	5	难解心魔		1	8	15						15	11	10					0				
181	6	求师学艺		1	8	15						15	11	10					0				
181	7	你救了我		1	8	15						15	11	10					0				
181	8	宽恕		1	8	15						15	11	10					0				
182	1	纯阳玉颜画像		8	8	15						15	11	10					0				
182	2	纯阳风骨画像		8	8	15						15	11	10					0				
182	3	万花佳人画像		8	8	15						15	11	10					0				
182	4	万花名士画像		8	8	15						15	11	10					0				
182	5	天策英少画像		8	8	15						15	11	10					0				
182	6	天策巾帼画像		8	8	15						15	11	10					0				
182	7	藏剑公子画像		8	8	15						15	11	10					0				
182	8	藏剑闺秀画像		8	8	15						15	11	10					0				
183	1	五毒天姿画像		8	8	15						15	11	10					0				
183	2	五毒朗俊画像		8	8	15						15	11	10					0				
183	3	少林大师画像		8	8	15						15	11	10					0				
183	4	七秀国色画像		8	8	15						15	11	10					0				
183	5	纯阳含香画像		8	8	15						15	11	10					0				
183	6	万花娇娘画像		8	8	15						15	11	10					0				
183	7	天策女杰画像		8	8	15						15	11	10					0				
183	8	藏剑千金画像		8	8	15						15	11	10					0				
184	1	五毒幽兰画像		8	8	15						15	11	10					0				
184	2	七秀娉婷画像		8	8	15						15	11	10					0				
184	3	唐门影翳画像		8	8	15						15	11	10					0				
184	4	唐门羽蓝画像		8	8	15						15	11	10					0				
184	5	唐门宸光画像		8	8	15						15	11	10					0				
184	6	明教刀客画像		8	8	15						15	11	10					0				
184	7	明教魅影画像		8	8	15						15	11	10					0				
184	8	明教红袖画像		8	8	15						15	11	10					0				
185	1	创立明教		1	8	15						15	11	10					0				
185	2	弘扬教义		1	8	15						15	11	10					0				
185	3	中原立威		1	8	15						15	11	10					0				
185	4	枫华谷之战		1	8	15						15	11	10					0				
185	5	山河社稷图		1	8	15						15	11	10					0				
185	6	光明寺之变		1	8	15						15	11	10					0				
185	7	大举西迁		1	8	15						15	11	10					0				
185	8	光与暗		1	8	15						15	11	10					0				
186	1	三生树		1	8	15						15	11	10					0				
186	2	葬沙		1	8	15						15	11	10					0				
186	3	不归之海		1	8	15						15	11	10					0				
186	4	神的馈赠		1	8	15						15	11	10					0				
187	1	论语一则・上篇		8	8	82						1000	11	10					0	355	1		
187	2	论语一则・下篇		8	8	82						1000	11	10					0			2000	
187	3	孝经一则		8	8	82					15000	1000	11	10					0				
187	4	老子三则		8	8	82						1000	11	10					0	355	1		
187	5	礼记一则・上篇		8	8	82						1000	11	10					0				scripts\skill\生活技能\书籍\精力回复6.lua
187	6	礼记一则・下篇		8	8	82						1000	11	10			5	2868	5				
187	7	诗经一则		8	8	82						1000	11	10					0			2000	
187	8	尚书一则		8	8	82						1000	11	10					0			2000	
188	1	周易一则・上篇		8	8	84						1000	11	10					0	355	1		
188	2	周易一则・中篇		8	8	84						1000	11	10					0			2000	
188	3	周易一则・下篇		8	8	84					15000	1000	11	10					0				
188	4	孙子兵法一则・上篇		8	8	84						1000	11	10					0				
188	5	孙子兵法一则・下篇		8	8	84						1000	11	10					0				scripts\skill\生活技能\书籍\精力回复6.lua
188	6	周髀一则・上篇		8	8	84						1000	11	10			5	2868	6				
188	7	周髀一则・下篇		8	8	84						1000	11	10					0			2000	
189	1	潼关吏	4180	8	8	86						1000	11	10					0			2000	
189	2	新安吏	4181	8	8	86						1000	11	10					0	355	1		
189	3	石壕吏	4182	8	8	86						1000	11	10					0			2000	
189	4	新婚别	4183	8	8	86					15000	1000	11	10					0				
189	5	垂老别	4184	8	8	86						1000	11	10					0	355	1		
189	6	无家别	4185	8	8	86						1000	11	10					0				scripts\skill\生活技能\书籍\精力回复6.lua
190	1	北上行		8	8	88						1000	11	10					0				
190	2	哥舒翰传		8	8	88						1000	11	10					0			2000	
190	3	高适传・上篇		8	8	88						1000	11	10					0			2000	
190	4	高适传・中篇		8	8	88						1000	11	10					0	355	1		
190	5	高适传・下篇		8	8	88						1000	11	10					0			2000	
190	6	兵败遗表・上篇		8	8	88					15000	1000	11	10					0				
190	7	兵败遗表・中篇		8	8	88						1000	11	10					0	355	1		
190	8	兵败遗表・下篇		8	8	88						1000	11	10					0				scripts\skill\生活技能\书籍\精力回复6.lua
191	1	忆旧书怀・上篇		8	8	84						1000	11	10			5	2868	6				
191	2	忆旧书怀・中篇		8	8	84						1000	11	10					0			2000	
191	3	忆旧书怀・下篇		8	8	84						1000	11	10					0			2000	
191	4	忆旧书怀・末篇		8	8	84						1000	11	10					0	355	1		
192	1	离经叛道		1	8	15						15	11	10					0			2000	
192	2	只食半碗		1	8	15					10000	15	11	10					0				
192	3	风火神龙		1	8	15						15	11	10					0	355	1		
192	4	金银魔手		1	8	15						15	11	10					0				scripts\skill\生活技能\书籍\精力回复6.lua
192	5	戏中酒仙		1	8	15						15	11	10			5	2868	7				
192	6	吞云吐雾	4186	1	8	15						15	11	10					0			2000	
192	7	冷面无情		1	8	15						15	11	10					0			2000	
192	8	青霜杨帆	4187	1	8	15						15	11	10					0	355	1		
193	1	酒之礼法		1	8	15						15	11	10					0			2000	
193	2	仪狄作酒		1	8	15					10000	15	11	10					0				
193	3	酒圣杜康	4188	1	8	15						15	11	10					0	355	1		
193	4	酒池肉林		1	8	15						15	11	10					0				scripts\skill\生活技能\书籍\精力回复6.lua
193	5	青梅煮酒		1	8	15						15	11	10			5	2868	8				
193	6	饮酒成诗		1	8	15						15	11	10					0			2000	
194	1	杨家有女初长成		8	8	86						1000	11	10					0			2000	
194	2	一朝选在君王侧		8	8	86						1000	11	10					0	355	1		
194	3	三千宠爱在一身		8	8	86						1000	11	10					0			2000	
194	4	姊妹兄弟皆列土		8	8	86					15000	1000	11	10					0				
194	5	渔阳鼙鼓动地来		8	8	86						1000	11	10					0	355	1		
194	6	七月七日长生殿		8	8	86						1000	11	10					0				scripts\skill\生活技能\书籍\精力回复6.lua
194	7	婉转娥眉马前死		8	8	86						1000	11	10			5	2868	9				
194	8	此恨绵绵无绝期		8	8	86						1000	11	10					0			2000	
195	1	禄山发迹		8	8	90						1000	11	10					0	355	1		
195	2	李杨误国		8	8	90						1000	11	10					0			2000	
195	3	潼关失陷		8	8	90					15000	1000	11	10					0				
195	4	明皇西逃		8	8	90						1000	11	10					0	355	1		
195	5	长安沦陷		8	8	90						1000	11	10					0				scripts\skill\生活技能\书籍\精力回复6.lua
196	1	纯阳紫虚子		8	8	90						1000	11	10			5	2868	10				
196	2	幽谷遗世花		8	8	90						1000	11	10					0			2000	
196	3	白发今如此		8	8	90						1000	11	10					0			2000	
197	1	丐帮逍遥画像		8	8	15						15	11	10					0				
197	2	丐帮秋意画像		8	8	15						15	11	10					0				
197	3	丐帮天香画像 		8	8	15						15	11	10					0				
197	4	少林豆佛画像		8	8	15						15	11	10					0				
197	5	丐帮酒童画像		8	8	15						15	11	10					0				
197	6	七秀冠玉画像		8	8	15						15	11	10					0				
197	7	万花才子画像		8	8	15						15	11	10					0				
197	8	纯阳绝尘画像		8	8	15						15	11	10					0				
198	1	赵公长孙无忌		8	8	88						1000	11	10					0				
198	2	赵郡王李孝恭		8	8	88						1000	11	10					0			2000	
198	3	莱公杜如晦		8	8	88						1000	11	10					0			2000	
198	4	郑公魏征		8	8	88						1000	11	10					0	355	1		
198	5	梁公房玄龄		8	8	88						1000	11	10					0			2000	
198	6	申公高士廉		8	8	88					15000	1000	11	10					0				
198	7	鄂公尉迟敬德		8	8	88						1000	11	10					0	355	1		
198	8	卫公李靖		8	8	88						1000	11	10					0				scripts\skill\生活技能\书籍\精力回复6.lua
199	1	宋公萧禹		8	8	88						1000	11	10					0				
199	2	褒公段志玄		8	8	88						1000	11	10					0			2000	
199	3	夔公刘弘基		8	8	88						1000	11	10					0			2000	
199	4	蒋公屈突通		8	8	88						1000	11	10					0	355	1		
199	5	郧公殷开山		8	8	88						1000	11	10					0			2000	
199	6	谯公柴绍		8	8	88					15000	1000	11	10					0				
199	7	邳公长孙顺德		8	8	88						1000	11	10					0	355	1		
199	8	郧公张亮		8	8	88						1000	11	10					0				scripts\skill\生活技能\书籍\精力回复6.lua
200	1	陈公侯君集		8	8	88						1000	11	10					0				
200	2	郯公张公谨		8	8	88						1000	11	10					0			2000	
200	3	卢公程知节		8	8	88						1000	11	10					0			2000	
200	4	永兴公虞世南		8	8	88						1000	11	10					0	355	1		
200	5	渝公刘政会		8	8	88						1000	11	10					0			2000	
200	6	莒公唐俭		8	8	88					15000	1000	11	10					0				
200	7	英公李世绩		8	8	88						1000	11	10					0	355	1		
200	8	胡公秦叔宝		8	8	88						1000	11	10					0				scripts\skill\生活技能\书籍\精力回复6.lua
201	1	饮马长城窟行	4291	8	8	88						1000	11	10					0				
202	1	元日		8	8	88						1000	11	10					0				
202	2	执契静三边		8	8	88						1000	11	10					0			2000	
202	3	重幸武功		8	8	88						1000	11	10					0			2000	
202	4	赋秋日悬清光赐房玄龄		8	8	88						1000	11	10					0	355	1		
203	1	代悲白头翁	4292	8	8	88						1000	11	10					0				
204	1	春秋繁露		8	8	88						1000	11	10					0				
204	2	文心雕龙		8	8	88						1000	11	10					0				
204	3	世说新语		8	8	88						1000	11	10					0				
204	4	李卫公兵法		8	8	88						1000	11	10					0				
204	5	论衡		8	8	88						1000	11	10					0				
204	6	博物志		8	8	88						1000	11	10					0				
205	1	大唐西域记上	4504	8	8	88						1000	11	10					0				
205	2	大唐西域记下	4505	8	8	88						1000	11	10					0				
205	3	长安古意	4506	8	8	88						1000	11	10					0				
205	4	阳春歌	4507	8	8	88						1000	11	10					0				
206	1	穆玄英武器篇		8	8	90						1000	11	10					0				
206	2	穆玄英剑谱篇・上部		8	8	90						1000	11	10					0				
206	3	穆玄英剑谱篇・下部		8	8	90						1000	11	10					0				
206	4	穆玄英坐骑篇		8	8	90						1000	11	10					0				
207	1	张桎辕武功篇		8	8	90						1000	11	10					0				
207	2	张桎辕兵法篇・一		8	8	90						1000	11	10					0				
207	3	张桎辕兵法篇・二		8	8	90						1000	11	10					0				
207	4	张桎辕武器篇		8	8	90						1000	11	10					0				
208	1	可人武功篇・一		8	8	90						1000	11	10					0				
208	2	可人武功篇・二		8	8	90						1000	11	10					0				
208	3	可人武器篇		8	8	90						1000	11	10					0				
208	4	可人菜谱篇		8	8	90						1000	11	10					0				
209	1	陶寒亭秘闻・一		8	8	90						1000	11	10					0				
209	2	陶寒亭秘闻・二		8	8	90						1000	11	10					0				
209	3	陶寒亭秘闻・三		8	8	90						1000	11	10					0				
209	4	陶寒亭武器篇		8	8	90						1000	11	10					0				
210	1	肖药儿秘闻篇		8	8	90						1000	11	10					0				
210	2	肖药儿武器篇・上		8	8	90						1000	11	10					0				
210	3	肖药儿武器篇・下		8	8	90						1000	11	10					0				
210	4	肖药儿坐骑篇		8	8	90						1000	11	10					0				
211	1	莫雨稻香村往事篇		8	8	90						1000	11	10					0				
211	2	莫雨宝甲篇		8	8	90						1000	11	10					0				
211	3	莫雨武器篇		8	8	90						1000	11	10					0				
211	4	莫雨宠物篇		8	8	90						1000	11	10					0				
212	1	有情世界		8	8	90						1000	11	10					0	352	1		
212	2	剑的心		8	8	90						1000	11	10					0			2000	
212	3	阳宝哥小传		8	8	90						1000	11	10					0			2000	
212	4	鸦碎碎念		8	8	90						1000	11	10					0	355	1		
212	5	珞山传		8	8	90						1000	11	10					0			2000	
212	6	乐冬传		8	8	90					15000	1000	11	10					0				
212	7	香菜菜传		8	8	90						1000	11	10					0	355	1		
212	8	星空随笔		8	8	90						1000	11	10					0				scripts\skill\生活技能\书籍\精力回复6.lua
213	1	李家征天下		8	8	20						15	11	10					0	352	1		
213	2	秦王破虎牢		8	8	20						15	11	10					0			2000	
213	3	百年洗礼		8	8	20						15	11	10					0			2000	
213	4	雁门雄关		8	8	20						15	11	10					0	355	1		
213	5	雁门关之变		8	8	20						15	11	10					0			2000	
213	6	血手凤凰燕忘情		8	8	20					1500	15	11	10					0				
213	7	九霄孤狼风夜北		8	8	20						15	11	10					0	355	1		
213	8	笑面阎王宋森雪		8	8	20						15	11	10					0				scripts\skill\生活技能\书籍\精力回复6.lua
214	1	烈马银枪薛直・上		8	8	25						15	11	10					0	352	1		
214	2	烈马银枪薛直・下		8	8	25						15	11	10					0			2000	
214	3	红衣佛爷王不空・上		8	8	25						15	11	10					0			2000	
214	4	红衣佛爷王不空・下		8	8	25						15	11	10					0	355	1		
214	5	百步流星申屠远・上		8	8	25						15	11	10					0			2000	
214	6	百步流星申屠远・下		8	8	25					1500	15	11	10					0				
214	7	潋艳刀燕忆眉・上		8	8	25						15	11	10					0	355	1		
214	8	潋艳刀燕忆眉・下		8	8	25						15	11	10					0				scripts\skill\生活技能\书籍\精力回复6.lua
215	1	龙城飞蛾	5015	8	8	85						1000	11	10					0	352	1		
215	2	杏花酒韵・壹	5016	8	8	85						1000	11	10					0			2000	
215	3	杏花酒韵・贰	5017	8	8	85						1000	11	10					0			2000	
215	4	晋王祠・壹	5018	8	8	85						1000	11	10					0	355	1		
215	5	大乱局	5019	8	8	85						1000	11	10					0			2000	
215	6	武周遗祸	5020	8	8	85					15000	1000	11	10					0				
215	7	庙堂远江湖・壹	5021	8	8	85						1000	11	10					0	355	1		
215	8	庙堂远江湖・贰	5022	8	8	85						1000	11	10					0				scripts\skill\生活技能\书籍\精力回复6.lua
216	1	李卫公问对之一	5023	8	8	25						15	11	10					0	352	1		
216	2	李卫公问对之二	5024	8	8	25						15	11	10					0			2000	
216	3	李卫公问对之三	5025	8	8	25						15	11	10					0			2000	
216	4	李卫公问对之四	5026	8	8	25						15	11	10					0	355	1		
216	5	李卫公问对之五	5027	8	8	25						15	11	10					0			2000	
216	6	李卫公问对之六	5028	8	8	25					1500	15	11	10					0				
216	7	李卫公问对之七	5029	8	8	25						15	11	10					0	355	1		
216	8	李卫公问对之八	5030	8	8	25						15	11	10					0				scripts\skill\生活技能\书籍\精力回复6.lua
217	1	苍云铁麟画像		8	8	15						15	11	10					0				
217	2	苍云炎华画像		8	8	15						15	11	10					0				
217	3	苍云劫天画像		8	8	15						15	11	10					0				
217	4	苍云霜暮画像		8	8	15						15	11	10					0				
217	5	天策金戈画像		8	8	15						15	11	10					0				
217	6	藏剑俊少画像		8	8	15						15	11	10					0				
217	7	五毒玉郎画像		8	8	15						15	11	10					0				
217	8	霸刀姣童画像		8	8	15						15	11	10					0				
218	1	奇材异录其一		8	8	15						15	11	10					0				scripts\skill\生活技能\书籍\三尺青锋_书籍.lua
218	2	奇材异录其二		8	8	15						15	11	10					0				
218	3	奇材异录其三		8	8	15						15	11	10					0				
218	4	奇材异录其四		8	8	15						15	11	10					0				
218	5	奇材异录其五		8	8	15						15	11	10					0				
219	1	故人之约・上		8	8	15						15	11	10					0				
219	2	故人之约・下		8	8	15						15	11	10					0				
220	1	长歌琢诗画像		8	8	15						15	11	10									
220	2	长歌挽琴画像		8	8	15						15	11	10									
220	3	长歌儒风画像		8	8	15						15	11	10									
220	4	长歌雅袂画像		8	8	15						15	11	10					0				
220	5	唐门暗卫画像		8	8	15						15	11	10					0				
220	6	霸刀名少画像		8	8	15						15	11	10					0				
220	7	霸刀名秀画像		8	8	15						15	11	10					0				
220	8	霸刀金钗画像		8	8	15						15	11	10					0				
221	1	士冠礼节选	5760	8	8	95						1200	11	10					0	352	1		
221	2	士昏礼节选	5761	8	8	95						1200	11	10					0			2000	
221	3	士相见礼节选	5762	8	8	95						1200	11	10					0			2000	
221	4	乡饮酒礼节选	5763	8	8	95						1200	11	10					0	355	1		
221	5	乡射礼节选	5764	8	8	95						1200	11	10					0			2000	
221	6	燕礼节选	5765	8	8	95						1200	11	10					0				
221	7	大射仪节选	5766	8	8	95						1200	11	10					0	355	1		
221	8	聘礼节选	5767	8	8	95						1200	11	10					0				
222	1	起源上	5768	8	8	95						1200	11	10					0	352	1		
222	2	起源下	5769	8	8	95						1200	11	10					0			2000	
222	3	神o崇拜	5770	8	8	95						1200	11	10					0			2000	
222	4	内部构成	5771	8	8	95						1200	11	10					0	355	1		
222	5	东海来客上	5772	8	8	95						1200	11	10					0			2000	
222	6	东海来客中	5773	8	8	95						1200	11	10					0				
222	7	东海来客下	5774	8	8	95						1200	11	10					0	355	1		
222	8	地上生活	5775	8	8	95						1200	11	10					0				
223	1	清凉山略传其一	5776	8	8	95						1200	11	10					0	352	1		
223	2	清凉山略传其二	5777	8	8	95						1200	11	10					0			2000	
223	3	清凉山略传其三	5778	8	8	95						1200	11	10					0			2000	
223	4	清凉山略传其四	5779	8	8	95						1200	11	10					0	355	1		
223	5	清凉山略传其五	5780	8	8	95						1200	11	10					0			2000	
223	6	清凉山略传其六	5781	8	8	95						1200	11	10					0				
223	7	清凉山略传其七	5782	8	8	95						1200	11	10					0	355	1		
223	8	清凉山略传其八	5783	8	8	95						1200	11	10					0				
224	1	匈奴列传其一	5784	8	8	95						1200	11	10					0	352	1		
224	2	匈奴列传其二	5785	8	8	95						1200	11	10					0			2000	
224	3	匈奴列传其三	5786	8	8	95						1200	11	10					0			2000	
224	4	匈奴列传其四	5787	8	8	95						1200	11	10					0	355	1		
224	5	匈奴列传其五	5788	8	8	95						1200	11	10					0			2000	
224	6	匈奴列传其六	5789	8	8	95						1200	11	10					0				
224	7	匈奴列传其七	5790	8	8	95						1200	11	10					0	355	1		
224	8	匈奴列传其八	5791	8	8	95						1200	11	10					0				
225	1	琴声十六法卷一	5792	8	8	95						1200	11	10					0	352	1		
225	2	琴声十六法卷二	5793	8	8	95						1200	11	10					0			2000	
225	3	琴声十六法卷三	5794	8	8	95						1200	11	10					0			2000	
225	4	琴声十六法卷四	5795	8	8	95						1200	11	10					0	355	1		
225	5	琴声十六法卷五	5796	8	8	95						1200	11	10					0			2000	
225	6	琴声十六法卷六	5797	8	8	95						1200	11	10					0				
225	7	琴声十六法卷七	5798	8	8	95						1200	11	10					0	355	1		
225	8	琴声十六法卷八	5799	8	8	95						1200	11	10					0				
226	1	击壤歌		10	8	95						1200	11	10					0				
226	2	卿云歌		10	8	95						1200	11	10					0				
226	3	越人歌		10	8	95						1200	11	10					0				
226	4	慷慨歌		10	8	95						1200	11	10					0				
226	5	龙蛇歌其一		10	8	95						1200	11	10					0				
226	6	龙蛇歌其二		10	8	95						1200	11	10					0				
226	7	南蒯歌		10	8	95						1200	11	10					0				
226	8	琴女歌		10	8	95						1200	11	10					0				
227	1	礼书其一		10	8	95						1200	11	10					0				
227	2	礼书其二		10	8	95						1200	11	10					0				
227	3	礼书其三		10	8	95						1200	11	10					0				
227	4	礼书其四		10	8	95						1200	11	10					0				
227	5	礼书其五		10	8	95						1200	11	10					0				
227	6	礼书其六		10	8	95						1200	11	10					0				
227	7	礼书其七		10	8	95						1200	11	10					0				
228	1	春晓		10	8	95						1200	11	10					0				
228	2	夜归鹿门歌		10	8	95						1200	11	10					0				
228	3	宿建德江		10	8	95						1200	11	10					0				
228	4	与诸子登岘山		10	8	95						1200	11	10					0				
228	5	送朱大入秦		10	8	95						1200	11	10					0				
228	6	临洞庭湖赠张丞相		10	8	95						1200	11	10					0				
228	7	过故人庄		10	8	95						1200	11	10					0				
228	8	留别王维		10	8	95						1200	11	10					0				
229	1	秦中寄远上人		10	8	95						1200	11	10					0				
229	2	宴梅道士山房		10	8	95						1200	11	10					0				
229	3	秋登兰山寄张五		10	8	95						1200	11	10					0				
229	4	宿桐庐江寄广陵旧游		10	8	95						1200	11	10					0				
229	5	宿业师山房期丁大不至		10	8	95						1200	11	10					0				
229	6	岁暮归南山		10	8	95						1200	11	10					0				
229	7	夏日南亭怀辛大		10	8	95						1200	11	10					0				
229	8	早寒有怀		10	8	95						1200	11	10					0				
230	1	咏鹅		10	8	95						1200	11	10					0				
230	2	易水送别		10	8	95						1200	11	10					0				
230	3	在狱咏蝉・并序		10	8	95						1200	11	10					0				
230	4	相和歌辞・王昭君		10	8	95						1200	11	10					0				
230	5	夏日游德州赠高四		10	8	95						1200	11	10					0				
230	6	在江南赠宋五之问		10	8	95						1200	11	10					0				
230	7	晚憩田家		10	8	95						1200	11	10					0				
230	8	北眺舂陵		10	8	95						1200	11	10					0				
231	1	叙寄员半千		10	8	95						1200	11	10					0				
231	2	咏怀古意上裴侍郎		10	8	95						1200	11	10					0				
231	3	帝京篇		10	8	95						1200	11	10					0				
231	4	畴昔篇		10	8	95						1200	11	10					0				
231	5	艳情代郭氏答卢照邻		10	8	95						1200	11	10					0				
231	6	代女道士王灵妃赠道士李荣		10	8	95						1200	11	10					0				
231	7	途中有怀		10	8	95						1200	11	10					0				
231	8	至分水戍		10	8	95						1200	11	10					0				
232	1	感遇诗二首		10	8	95						1200	11	10					0				
232	2	赋得自君之出矣		10	8	95						1200	11	10					0				
232	3	奉和圣制喜雨		10	8	95						1200	11	10					0				
232	4	和黄门卢监望秦始皇陵		10	8	95						1200	11	10					0				
232	5	登南岳事毕谒司马道士		10	8	95						1200	11	10					0				
232	6	咏史		10	8	95						1200	11	10					0				
232	7	耒阳溪夜行		10	8	95						1200	11	10					0				
232	8	登总持寺阁		10	8	95						1200	11	10					0				
233	1	登城楼望西山作		10	8	95						1200	11	10					0				
233	2	赠，以此篇答焉		10	8	95						1200	11	10					0				
233	3	登荆州城楼		10	8	95						1200	11	10					0				
233	4	南还湘水言怀		10	8	95						1200	11	10					0				
233	5	商洛山行怀古		10	8	95						1200	11	10					0				
233	6	初发道中赠王司马兼寄诸公		10	8	95						1200	11	10					0				
233	7	归燕诗		10	8	95						1200	11	10					0				
233	8	南郊文武出入舒和之乐		10	8	95						1200	11	10					0				
234	1	蜀道后期		10	8	95						1200	11	10					0				
234	2	再使蜀道		10	8	95						1200	11	10					0				
234	3	岳州作二首		10	8	95						1200	11	10					0				
234	4	岳州行郡竹篱		10	8	95						1200	11	10					0				
234	5	岳阳早霁南楼		10	8	95						1200	11	10					0				
234	6	巡边在河北作二首		10	8	95						1200	11	10					0				
234	7	入海二首		10	8	95						1200	11	10					0				
234	8	湘州北亭		10	8	95						1200	11	10					0				
235	1	明冰篇		10	8	95						1200	11	10					0				
235	2	少年行		10	8	95						1200	11	10					0				
235	3	太平公主山亭侍宴		10	8	95						1200	11	10					0				
235	4	奉和圣制夏日游石淙山		10	8	95						1200	11	10					0				
235	5	奉和送金城公主适西蕃应制		10	8	95						1200	11	10					0				
235	6	同赋山居七夕		10	8	95						1200	11	10					0				
235	7	扈从还洛呈侍从群官		10	8	95						1200	11	10					0				
235	8	幸白鹿观应制		10	8	95						1200	11	10					0				
236	1	风・其一		10	8	95						1200	11	10					0				
236	2	风・其二		10	8	95						1200	11	10					0				
236	3	云・其一		10	8	95						1200	11	10					0				
236	4	云・其二		10	8	95						1200	11	10					0				
236	5	雨		10	8	95						1200	11	10					0				
236	6	雪		10	8	95						1200	11	10					0				
236	7	雾		10	8	95						1200	11	10					0				
236	8	露		10	8	95						1200	11	10					0				
237	1	竹		10	8	95						1200	11	10					0				
237	2	兰		10	8	95						1200	11	10					0				
237	3	松		10	8	95						1200	11	10					0				
237	4	柳		10	8	95						1200	11	10					0				
237	5	梅		10	8	95						1200	11	10					0				
237	6	菊		10	8	95						1200	11	10					0				
237	7	梨		10	8	95						1200	11	10					0				
237	8	萍		10	8	95						1200	11	10					0				
238	1	甫田		10	8	95						1200	11	10					0				
238	2	穷劫曲		10	8	95						1200	11	10					0				
238	3	丘陵歌		10	8	95						1200	11	10					0				
238	4	申包胥歌		10	8	95						1200	11	10					0				
238	5	岁莫歌		10	8	95						1200	11	10					0				
238	6	五子歌		10	8	95						1200	11	10					0				
238	7	夏人歌		10	8	95						1200	11	10					0				
238	8	优孟歌		10	8	95						1200	11	10					0				
239	1	五帝本纪其一		10	8	95						1200	11	10					0				
239	2	五帝本纪其二		10	8	95						1200	11	10					0				
239	3	五帝本纪其三		10	8	95						1200	11	10					0				
239	4	五帝本纪其四		10	8	95						1200	11	10					0				
239	5	五帝本纪其五		10	8	95						1200	11	10					0				
239	6	五帝本纪其六		10	8	95						1200	11	10					0				
239	7	五帝本纪其七		10	8	95						1200	11	10					0				
239	8	五帝本纪其八		10	8	95						1200	11	10					0				
240	1	春晚山庄率题		10	8	95						1200	11	10					0				
240	2	还京赠别		10	8	95						1200	11	10					0				
240	3	至陈仓晓晴望京邑		10	8	95						1200	11	10					0				
240	4	陇头水		10	8	95						1200	11	10					0				
240	5	昭君怨		10	8	95						1200	11	10					0				
240	6	十五夜观灯		10	8	95						1200	11	10					0				
240	7	绵州官池赠别同赋湾字		10	8	95						1200	11	10					0				
240	8	还赴蜀中贻示京虽游好		10	8	95						1200	11	10					0				
241	1	相知莫问（上）		10	8	95						1200	11	10					0				
241	2	相知莫问（下）		10	8	95						1200	11	10					0				
241	3	微山记事（上）		10	8	95						1200	11	10					0				
241	4	微山记事（下）		10	8	95						1200	11	10					0				
241	5	御音要义		10	8	95						1200	11	10					0				
241	6	五声溯源		10	8	95						1200	11	10					0				
242	1	静水流霆琴		10	8	20						1200	11	10					0				
242	2	大圣遗音琴		10	8	20						1200	11	10					0				
242	3	文心载川剑		10	8	20						1200	11	10					0				
242	4	真耶幻耶箫		10	8	20						1200	11	10					0				
242	5	道子琴		10	8	20						1200	11	10					0				
242	6	鸾翔琴		10	8	20						1200	11	10					0				
242	7	一心二意鼓		10	8	20						1200	11	10					0				
242	8	濯心箫		10	8	20						1200	11	10					0				
243	1	“四指流云”杨逸飞（上）		10	8	95						1200	11	10					0				
243	2	“四指流云”杨逸飞（中）		10	8	95						1200	11	10					0				
243	3	“四指流云”杨逸飞（下）		10	8	95						1200	11	10					0				
243	4	“九龄公”张九龄（上）		10	8	95						1200	11	10					0				
243	5	“九龄公”张九龄（下）		10	8	95						1200	11	10					0				
243	6	“青莲剑仙”李白（上）		10	8	95						1200	11	10					0				
243	7	“青莲剑仙”李白（下）		10	8	95						1200	11	10					0				
244	1	“道子”杨青月		10	8	95						1200	11	10					0				
244	2	“闭目晓音”康念		10	8	95						1200	11	10					0				
244	3	“前缘相知”张婉玉		10	8	95						1200	11	10					0				
244	4	“古脉弦歌”赵宫商		10	8	95						1200	11	10					0				
244	5	“幻魔心”韩非池		10	8	95						1200	11	10					0				
244	6	“一气顷楼”凤息颜		10	8	95						1200	11	10					0				
244	7	“九变玉徽”崖牙		10	8	95						1200	11	10					0				
244	8	“白玉濯心”周宋		10	8	95						1200	11	10					0				
245	1	在郡怀秋		10	8	95						1200	11	10					0				
245	2	浈阳峡		10	8	95						1200	11	10					0				
245	3	江上遇疾风		10	8	95						1200	11	10					0				
245	4	九月九日登龙山		10	8	95						1200	11	10					0				
245	5	巫山高		10	8	95						1200	11	10					0				
245	6	和崔尚书喜雨		10	8	95						1200	11	10					0				
245	7	湖口望庐山瀑布泉		10	8	95						1200	11	10					0				
245	8	西江夜行		10	8	95						1200	11	10					0				
246	1	感遇诗二首		10	8	95						1200	11	10					0				
246	2	赋得自君之出矣		10	8	95						1200	11	10					0				
246	3	奉和圣制喜雨		10	8	95						1200	11	10					0				
246	4	和黄门卢监望秦始皇陵		10	8	95						1200	11	10					0				
246	5	登南岳事毕谒司马道士		10	8	95						1200	11	10					0				
246	6	咏史		10	8	95						1200	11	10					0				
246	7	耒阳溪夜行		10	8	95						1200	11	10					0				
246	8	登总持寺阁		10	8	95						1200	11	10					0				
247	1	登城楼望西山作		10	8	95						1200	11	10					0				
247	2	赠，以此篇答焉		10	8	95						1200	11	10					0				
247	3	登荆州城楼		10	8	95						1200	11	10					0				
247	4	南还湘水言怀		10	8	95						1200	11	10					0				
247	5	商洛山行怀古		10	8	95						1200	11	10					0				
247	6	初发道中赠王司马兼寄诸公		10	8	95						1200	11	10					0				
247	7	归燕诗		10	8	95						1200	11	10					0				
247	8	南郊文武出入舒和之乐		10	8	95						1200	11	10					0				
248	1	释老志卷一其一		10	8	95						1200	9	10					0				
248	2	释老志卷一其二		10	8	95						1200	9	10					0				
248	3	释老志卷一其三		10	8	95						1200	9	10					0				
248	4	释老志卷一其四		10	8	95						1200	9	10					0				
248	5	释老志卷一其五		10	8	95						1200	9	10					0				
248	6	释老志卷一其六		10	8	95						1200	9	10					0				
248	7	释老志卷一其七		10	8	95						1200	9	10					0				
248	8	释老志卷一其八		10	8	95						1200	9	10					0				
249	1	释老志卷二其一		10	8	95						1200	9	10					0				
249	2	释老志卷二其二		10	8	95						1200	9	10					0				
249	3	释老志卷二其三		10	8	95						1200	9	10					0				
249	4	释老志卷二其四		10	8	95						1200	9	10					0				
249	5	释老志卷二其五		10	8	95						1200	9	10					0				
249	6	释老志卷二其六		10	8	95						1200	9	10					0				
249	7	释老志卷二其七		10	8	95						1200	9	10					0				
249	8	释老志卷二其八		10	8	95						1200	9	10					0				
250	1	释老志卷三其一		10	8	95						1200	9	10					0				
250	2	释老志卷三其二		10	8	95						1200	9	10					0				
250	3	释老志卷三其三		10	8	95						1200	9	10					0				
250	4	释老志卷三其四		10	8	95						1200	9	10					0				
250	5	释老志卷三其五		10	8	95						1200	9	10					0				
250	6	释老志卷三其六		10	8	95						1200	9	10					0				
250	7	释老志卷三其七		10	8	95						1200	9	10					0				
250	8	释老志卷三其八		10	8	95						1200	9	10					0				
251	1	释老志卷四其一		10	8	95						1200	9	10					0				
251	2	释老志卷四其二		10	8	95						1200	9	10					0				
251	3	释老志卷四其三		10	8	95						1200	9	10					0				
251	4	释老志卷四其四		10	8	95						1200	9	10					0				
251	5	释老志卷四其五		10	8	95						1200	9	10					0				
251	6	释老志卷四其六		10	8	95						1200	9	10					0				
251	7	释老志卷四其七		10	8	95						1200	9	10					0				
251	8	释老志卷四其八		10	8	95						1200	9	10					0				
252	1	大唐内典录表		10	8	95						1200	11	10					0				
252	2	大唐内典录总目序（上）		10	8	95						1200	11	10					0				
252	3	大唐内典录总目序（下）		10	8	95						1200	11	10					0				
253	1	大唐内典录卷第一		10	8	95						1200	11	10					0				
253	2	大唐内典录卷第二		10	8	95						1200	11	10					0				
253	3	大唐内典录卷第三		10	8	95						1200	11	10					0				
253	4	大唐内典录卷第四		10	8	95						1200	11	10					0				
253	5	大唐内典录卷第五		10	8	95						1200	11	10					0				
253	6	大唐内典录卷第六		10	8	95						1200	11	10					0				
253	7	大唐内典录卷第七		10	8	95						1200	11	10					0				
253	8	大唐内典录卷第八		10	8	95						1200	11	10					0				
254	1	大唐内典录卷第九		10	8	95						1200	11	10					0				
254	2	大唐内典录卷第十		10	8	95						1200	11	10					0				
254	3	大唐内典录卷第十一		10	8	95						1200	11	10					0				
254	4	大唐内典录卷第十二		10	8	95						1200	11	10					0				
254	5	大唐内典录卷第十三		10	8	95						1200	11	10					0				
254	6	大唐内典录卷第十四		10	8	95						1200	11	10					0				
254	7	大唐内典录卷第十五		10	8	95						1200	11	10					0				
254	8	大唐内典录卷第十六		10	8	95						1200	11	10					0				
255	1	永王东巡歌其一		10	8	95						1200	11	10					0				
255	2	永王东巡歌其二		10	8	95						1200	11	10					0				
255	3	永王东巡歌其三		10	8	95						1200	11	10					0				
255	4	永王东巡歌其四		10	8	95						1200	11	10					0				
255	5	永王东巡歌其五		10	8	95						1200	11	10					0				
255	6	永王东巡歌其六		10	8	95						1200	11	10					0				
256	1	永王东巡歌其七		10	8	95						1200	11	10					0				
256	2	永王东巡歌其八		10	8	95						1200	11	10					0				
256	3	永王东巡歌其九		10	8	95						1200	11	10					0				
256	4	永王东巡歌其十		10	8	95						1200	11	10					0				
256	5	永王东巡歌其十一		10	8	95						1200	11	10					0				
257	1	平花秀夜		10	8	95						1200	11	10					0				
257	2	剑姬阵		10	8	95						1200	11	10					0				
257	3	屈焰阳		10	8	95						1200	11	10					0				
257	4	桑原森九岚		10	8	95						1200	11	10					0				
257	5	李`		10	8	95						1200	11	10					0				
257	6	仲虚念		10	8	95						1200	11	10					0				
257	7	李U与苏十三娘		10	8	95						1200	11	10					0				
258	1	贯夜	6363	10	8	95						1200	11	10					0				
258	2	金玄鸿影	6365	10	8	95						1200	11	10					0				
258	3	惊情	6364	10	8	95						1200	11	10					0				
258	4	昆吾刀		10	8	95						1200	11	10					0				
258	5	鸣羽刀		10	8	95						1200	11	10					0				
258	6	血悲刀		10	8	95						1200	11	10					0				
258	7	徐夫人匕首		10	8	95						1200	11	10					0				
258	8	新亭侯		10	8	95						1200	11	10					0				
259	1	大庄主・柳惊涛		10	8	95						1200	11	10					0				
259	2	二庄主・柳浮云		10	8	95						1200	11	10					0				
259	3	老庄主・柳风骨		10	8	95						1200	11	10					0				
259	4	三庄主・柳静海		10	8	95						1200	11	10					0				
259	5	四小姐・柳夕		10	8	95						1200	11	10					0				
261	1	洛阳伽蓝记其一	6370	10	8	95						1200	10	11					0				
261	2	洛阳伽蓝记其二	6371	10	8	95						1200	10	11					0				
261	3	晋中洛阳记	6372	10	8	95						1200	10	11					0				
261	4	颜氏家训	6373	10	8	95						1200	10	11					0				
262	1	风雷刀谷掌谷・柳秀岳		10	8	95						1200	10	11					0				
262	2	风雷刀谷器刃掌事・柳鸾旗		10	8	95						1200	10	11					0				
262	3	风雷刀谷甲胄掌事・柳廷芳		10	8	95						1200	10	11					0				
262	4	柳家六爷・柳鱼夫		10	8	95						1200	10	11					0				
262	5	风雷刀谷锻刀厅厅首・柳愚		10	8	95						1200	10	11					0				
262	6	风雷刀谷总管・柳哲		10	8	95						1200	10	11					0				
263	1	雪踪鸿影・长孙邪		10	8	95						1200	10	11					0				
263	2	小先生・长孙笑		10	8	95						1200	10	11					0				
263	3	蜃楼剑・独孤列明		10	8	95						1200	10	11					0				
263	4	长公子・独孤九		10	8	95						1200	10	11					0				
264	1	霸刀山庄建立	6358	10	8	95						1200	10	11					0				
264	2	第一届扬刀大会	6359	10	8	95						1200	10	11					0				
264	3	第二届扬刀大会	6360	10	8	95						1200	10	11					0				
264	4	第六届扬刀大会	6361	10	8	95						1200	10	11					0				
264	5	第九届扬刀大会	6362	10	8	95						1200	10	11					0				
265	1	洛城旧笛记・失心其二		10	8	95						1200	10	11					0				
265	2	洛城旧笛记・失心其一		10	8	95						1200	10	11					0				
265	3	洛城旧笛记・失心其三		10	8	95						1200	10	11					0				
265	4	洛城旧笛记・失心其四		10	8	95						1200	10	11					0				
266	1	史思明之女・史朝英		10	8	95						1200	10	11					0				
266	2	精金阁少主・柳时清		10	8	95						1200	10	11					0				
266	3	诉忧・解语		10	8	95						1200	10	11					0				
267	1	明教星姿画像		8	8	15						15	11	10					0				

 -- by 每天涨停@梦江南 $ Jx3UnPack-PAKV3 jx3.mail@gmail.com