ID	RoleType	Type	ShowID	Name	Des	IconID	FlipID	DefaultRGBA	Label
0	0	0	0			0	-1	255;255;255;255	0
1	1	0	1	默认		5831		180;142;117;255	
2	1	0	2	逸群		5832		192;153;134;255	
3	1	0	3	白净		5833		186;151;137;255	
4	1	0	4	古铜		5834		173;131;105;255	
5	1	0	5	硬朗		5835		183;147;122;255	
6	1	0	6	冠玉		5836		185;137;113;255	
7	1	1	1	默认		5849		69;64;48;255	
8	1	1	2	锦瑟		5849		69;64;48;255	
9	1	1	3	秋练		5842		89;64;63;255	
10	1	1	4	玄烛		5843		89;90;80;255	
11	1	1	5	纤阿		5850		49;40;34;255	
12	1	1	6	琳琅		5845		122;73;32;255	
13	1	1	7	望舒		5846		106;105;113;255	
14	1	1	8	猫眼		5847		32;25;24;255	
15	1	1	9	浮图		5848		52;52;34;255	
16	1	2	1	默认		5849		69;64;48;255	
17	1	2	2	锦瑟		5849		69;64;48;255	
18	1	2	3	秋练		5842		89;64;63;255	
19	1	2	4	玄烛		5843		89;90;80;255	
20	1	2	5	纤阿		5850		49;40;34;255	
21	1	2	6	琳琅		5845		122;73;32;255	
22	1	2	7	望舒		5846		106;105;113;255	
23	1	2	8	猫眼		5847		32;25;24;255	
24	1	2	9	浮图		5848		52;52;34;255	
25	1	3	0	默认		5815		255;255;255;255	
26	1	3	1	叠嶂		5806		91;66;58;255	
27	1	3	2	墨央		5807		103;70;53;255	
28	1	3	3	铁目		5808		98;72;64;255	
29	1	3	4	粉黛		5809		127;43;54;255	
30	1	3	5	惑心		5810		163;53;67;255	
31	1	3	6	蝶恋花		5811		66;68;155;255	
32	1	3	7	罗刹		5812		64;37;37;255	
33	1	3	8	羽焰		5813		167;51;76;255	
34	1	3	9	紫颜		5814		153;96;172;255	
35	1	4	1	默认		5762		0;0;0;255	
36	1	4	2	一字		5762		0;0;0;255	
37	1	4	3	二分		5763		0;0;0;255	
38	1	4	4	三刻		5764		0;0;0;255	
39	1	4	5	复峦		5765		0;0;0;255	
40	1	4	6	云目		5766		0;0;0;255	
41	1	4	7	丹枫		5767		0;0;0;255	
42	1	4	8	徒降		5768		0;0;0;255	
43	1	4	9	潮起		5769		0;0;0;255	
44	1	4	10	崖口		5770		0;0;0;255	
45	1	4	11	凝然		5771		0;0;0;255	
46	1	4	12	平刃		5772		0;0;0;255	
47	1	5	1	默认		5666		0;0;0;255	
48	1	5	2	峰眉		5666		0;0;0;255	
49	1	5	3	上挑眉		5667		0;0;0;255	
50	1	5	4	朴实眉		5668		0;0;0;255	
51	1	5	5	飞将眉		5669		0;0;0;255	
52	1	5	6	英杰眉		5670		0;0;0;255	
53	1	5	7	刚正眉		5671		0;0;0;255	
54	1	5	8	刀眉		5672		0;0;0;255	
55	1	5	9	猛张飞		5673		0;0;0;255	
56	1	5	10	羽玉眉		5674		0;0;0;255	
57	1	5	11	狮子眉		5675		0;0;0;255	
58	1	5	12	赛吕布		5676		0;0;0;255	
59	1	5	13	螺旋眉		5677		0;0;0;255	
60	1	5	14	罗汉眉		5678		0;0;0;255	
61	1	5	15	霜剑		6367		255;255;255;255	
62	1	5	16	苍鹰		6368		255;255;255;255	
63	1	5	17	霜叶		6369		255;255;255;255	
64	1	5	18	白毫		6370		255;255;255;255	
65	1	5	19	月毫		6371		255;255;255;255	
66	1	5	20	断浪		7084		0;0;0;255	2
67	1	5	0	无		5815		255;255;255;255	
68	1	6	0	默认		5815		255;255;255;255	
69	1	6	1	青皮胡		5999		0;0;0;255	
70	1	6	2	八字胡		6000		0;0;0;255	
71	1	6	3	亦邪胡		6001		0;0;0;255	
72	1	6	4	避世胡		6002		0;0;0;255	
73	1	6	5	英杰胡		6003		0;0;0;255	
74	1	6	6	飞将胡		6004		0;0;0;255	
75	1	6	7	逐世胡		6005		0;0;0;255	
76	1	6	8	地主胡		6006		0;0;0;255	
77	1	6	9	中原胡		6007		0;0;0;255	
78	1	6	10	大络腮胡		6008		0;0;0;255	
79	1	6	11	小络腮胡		6009		0;0;0;255	
80	1	6	12	卫生胡		6010		0;0;0;255	
81	1	6	13	蝉翼胡		6659		0;0;0;255	
82	1	6	14	地主胡<白>		6660		0;0;0;255	
83	1	6	15	小络腮胡<白>		6661		0;0;0;255	
84	1	6	16	玉尘胡		6662		0;0;0;255	
85	1	6	17	大络腮胡<白>		6663		0;0;0;255	
86	1	6	18	酒糟鼻		5549		222;131;122;255	2
87	1	7	1	默认		5599		117;76;58;255	
88	1	7	2	久旱		5599		117;76;58;255	
89	1	7	3	河源		5600		128;62;52;255	
90	1	7	4	相逢		5601		131;80;64;255	
91	1	7	5	不动		5602		130;72;55;255	
92	1	7	6	根性		5603		124;84;72;255	
93	1	7	7	厚待		5604		138;74;73;255	
94	1	7	8	烈焰		5605		102;33;22;255	
95	1	7	9	光影		5606		119;72;62;255	
96	1	7	10	随欲		5607		108;57;50;255	
97	1	7	11	枯藤		5608		128;84;69;255	
98	1	7	12	鹰喙		5609		105;65;52;255	
99	1	7	13	鱼唇		5610		157;92;83;255	
100	1	8	1	默认		5556		255;255;255;255	
101	1	8	2	剪水		5556		255;255;255;255	
102	1	8	3	星眸		5557		255;255;255;255	
103	1	8	4	秋水		5558		255;255;255;255	
104	1	8	5	横波		5559		255;255;255;255	
105	1	8	6	春水		5560		255;255;255;255	
106	1	8	7	凝睇		5561		255;255;255;255	
107	1	8	8	清泉		5562		158;194;215;255	
108	1	8	9	悬珠		5563		255;255;255;255	
109	1	8	10	朗星		5564		255;255;255;255	
110	1	8	11	点漆		5565		255;255;255;255	
111	1	8	12	桃花		5566		255;255;255;255	
112	1	8	13	写轮		5567		255;255;255;255	
113	1	8	14	相印		5568		255;255;255;255	
114	1	8	0	无		5816		255;255;255;255	
115	1	9	0	默认		5815		255;255;255;255	
116	1	9	140	马王爷		8957		182;164;114;255	2
117	1	9	141	不染		8958		210;170;162;255	2
118	1	9	142	别艳		8952		110;25;24;255	2
119	1	9	143	滴血		8960		38;31;25;255	2
120	1	9	144	狱蛇		8959		255;255;255;255	2
121	1	9	145	昂		8955		141;30;10;255	2
122	1	9	146	帅意贴		8956		0;0;0;255	2
123	1	9	147	慈悲		8954		224;199;142;255	2
124	1	9	148	踪		8953	149	248;189;171;255	2
125	1	9	150	熊来了		8951		99;95;94;255	2
126	1	9	130	百回叱咤		8878		0;0;0;255	
127	1	9	131	望空		8879		167;66;34;255	
128	1	9	132	形伤旧事		8880		0;0;0;255	
129	1	9	133	残阳里		8881		187;75;48;255	
130	1	9	134	寒声碎		8882		255;255;255;255	
131	1	9	135	魔夜挽花		8883		0;0;0;255	
132	1	9	136	中宵寐		8884		0;0;0;255	
133	1	9	137	煌煌遗踪		8885		0;0;0;255	
134	1	9	138	秋寂		8887		255;255;255;255	
135	1	9	139	戏言峥嵘		8886		79;60;44;255	
136	1	9	125	枯荣		8279		255;255;255;255	
137	1	9	126	庭翼		8281		255;255;255;255	
138	1	9	127	菊踪		8282		255;255;255;255	
139	1	9	128	荣芳		8283		255;255;255;255	
140	1	9	129	金莲开		8277		182;152;102;255	
141	1	9	120	广交		7960		166;158;152;255	
142	1	9	121	飞轩		7959		166;158;152;255	
143	1	9	122	莲生		7964		166;158;152;255	
144	1	9	123	鲛鲸		7962		137;112;100;255	
145	1	9	124	垂眼		7958		136;122;116;255	
146	1	9	118	[六周年特别版]盾舞		7090		0;0;0;255	
147	1	9	119	祥云		7091		229;217;209;255	
148	1	9	115	中征		6996		194;194;194;255	
149	1	9	117	晴敛		6997	116	107;108;151;255	
150	1	9	111	凤尾		6791	112	85;70;42;255	
151	1	9	99	[五周年特别版]阴阳		6260		109;115;168;255	
152	1	9	100	[五周年特别版]素问		6267	101	93;136;141;255	
153	1	9	102	[五周年特别版]奇门遁甲 		6265	103	33;54;74;255	
154	1	9	104	[五周年特别版]大唐魂		6266		200;66;61;255	
155	1	9	105	[五周年特别版]莲华佛缘		6264		255;255;255;255	
156	1	9	106	[五周年特别版]幻蛛		6268		97;65;96;255	
157	1	9	107	[五周年特别版]剑魄		6259		237;202;123;255	
158	1	9	108	[五周年特别版]光明火		6262		148;43;55;255	
159	1	9	109	[五周年特别版]降龙		6261	110	52;57;122;255	
160	1	9	1	一点红		5683		198;89;80;255	
161	1	9	2	冷香		5685		196;56;97;255	
162	1	9	3	锦上		5686		177;78;62;255	
163	1	9	4	六出		5688		195;77;107;255	
164	1	9	5	菡萏		5691		255;255;255;255	
165	1	9	6	月夕		5692		255;255;255;255	
166	1	9	7	般若		5693		107;92;75;255	
167	1	9	8	金刚		5694		107;92;75;255	
168	1	9	9	断戟		5679	10	140;99;90;255	
169	1	9	11	烽烟		5680	12	140;99;90;255	
170	1	9	13	无双		5681		140;99;90;255	
171	1	9	14	剑风		5682	15	140;99;90;255	
172	1	9	16	恋		5698	17	215;99;72;255	
173	1	9	18	清霜醉		5702	19	246;212;215;255	
174	1	9	20	纷落		5703	21	246;212;215;255	
175	1	9	22	一剪梅		5704	23	208;144;139;255	
176	1	9	24	长恨		5706		0;0;0;255	
177	1	9	25	忘川		5705	26	0;0;0;255	
178	1	9	27	奈何		5706	28	0;0;0;255	
179	1	9	29	黄泉		5707	30	119;18;0;255	
180	1	9	31	蛮王		5708		221;79;53;255	
181	1	9	32	孤云出岫		5709		153;37;26;255	
182	1	9	33	惊鸿一瞥		5710		114;48;55;255	
183	1	9	34	战神		5712	35	99;23;20;255	
184	1	9	36	不败战神		5712		99;23;20;255	
185	1	9	37	浮世绘		5715		95;55;53;255	
186	1	9	38	无常		5716		0;0;0;255	
187	1	9	39	发		5727		135;3;0;255	
188	1	9	40	囚		5728		0;0;0;255	
189	1	9	41	死		5729		0;0;0;255	
190	1	9	42	玩		5730		223;0;15;255	
191	1	9	43	归去来兮		5722	44	46;29;23;255	
192	1	9	45	墨凤		5723		37;29;29;255	
193	1	9	46	墨龙		5724	47	37;29;29;255	
194	1	9	48	龙啸九天		5725	49	37;29;29;255	
195	1	9	50	杯弓		5726	51	37;29;29;255	
196	1	9	52	忘忧		5721	53	255;255;255;255	
197	1	9	54	冰封		5718	55	162;186;230;255	
198	1	9	56	粉墨登场		5711		197;110;102;255	
199	1	9	57	熊猫眼		6040		0;0;0;255	
200	1	9	58	痛扁		6028		141;102;103;255	
201	1	9	59	霜锋		6031		109;69;51;255	
202	1	9	60	血仇		6041	61	154;35;35;255	
203	1	9	62	二郎神		6033		0;0;0;255	
204	1	9	63	拆		6029		210;40;40;255	
205	1	9	64	小哈		6039		255;255;255;255	
206	1	9	65	刻骨		6032	66	109;69;51;255	
207	1	9	67	巴掌		6037		154;35;35;255	
208	1	9	68	脚印		6036		0;0;0;255	
209	1	9	69	入魔		6081		103;66;53;255	
210	1	9	70	狰狞		6094	71	141;91;73;255	
211	1	9	72	景云		6085		155;41;24;255	
212	1	9	73	北斗		6083		227;224;119;255	
213	1	9	74	北斗伤		6084		150;117;94;255	
214	1	9	75	雀斑		6091		189;156;135;255	
215	1	9	76	血煞		6093	77	87;0;0;255	
216	1	9	78	血煞修罗		6093		87;0;0;255	
217	1	9	79	阴符		6092	80	51;42;37;255	
218	1	9	81	天目		6086		90;0;0;255	
219	1	9	82	血瞳		6087		101;10;9;255	
220	1	9	83	森罗		6090	84	177;0;0;255	
221	1	9	85	森罗万象		6090		177;0;0;255	
222	1	9	86	内牛满面		6131		213;194;185;255	
223	1	9	87	纤横		6130		70;60;53;255	
224	1	9	88	有凤来仪		6127		184;11;0;255	
225	1	9	89	狠戾		6133		173;129;107;255	
226	1	9	90	习目		6135	91	0;0;0;255	
227	1	9	92	羽目		6135		0;0;0;255	
228	1	9	93	蜈蚣		6129	94	0;0;0;255	
229	1	9	95	邪魅		6134		0;0;0;255	
230	1	9	96	鬼面		6128		175;33;16;255	
231	1	9	97	花愁		6132		0;0;0;255	
232	1	9	98	菱眼		6136		0;0;0;255	
233	2	0	1	默认		5821		213;155;138;255	
234	2	0	2	桃李		5822		209;169;151;255	
235	2	0	3	凝脂		5823		210;170;153;255	
236	2	0	4	姑射		5824		217;167;148;255	
237	2	0	5	明艳		5825		209;168;151;255	
238	2	0	6	冰肌		5826		209;168;151;255	
239	2	1	1	默认		5841		40;34;25;255	
240	2	1	2	蟾宫		5841		40;34;25;255	
241	2	1	3	秋练		5842		69;64;48;255	
242	2	1	4	玄烛		5843		89;64;63;255	
243	2	1	5	白露		5844		157;161;132;255	
244	2	1	6	琳琅		5845		89;90;80;255	
245	2	1	7	望舒		5846		49;40;34;255	
246	2	1	8	猫眼		5847		122;73;32;255	
247	2	1	9	浮图		5848		106;105;113;255	
248	2	2	1	默认		5841		40;34;25;255	
249	2	2	2	蟾宫		5841		40;34;25;255	
250	2	2	3	秋练		5842		69;64;48;255	
251	2	2	4	玄烛		5843		89;64;63;255	
252	2	2	5	白露		5844		157;161;132;255	
253	2	2	6	琳琅		5845		89;90;80;255	
254	2	2	7	望舒		5846		49;40;34;255	
255	2	2	8	猫眼		5847		122;73;32;255	
256	2	2	9	浮图		5848		106;105;113;255	
257	2	3	0	默认		5815		255;255;255;255	
258	2	3	1	卿暮		5784		161;115;92;255	
259	2	3	2	墨韵		5785		132;95;82;255	
260	2	3	3	云絮		5786		145;40;74;255	
261	2	3	4	粉黛		5787		169;58;73;255	
262	2	3	5	惑心		5788		167;51;76;255	
263	2	3	6	蝶恋花		5789		153;96;172;255	
264	2	3	7	罗刹		5790		123;87;80;255	
265	2	3	8	羽焰		5791		185;83;86;255	
266	2	3	9	紫颜		5792		134;77;141;255	
267	2	3	10	百媚		5793		165;84;82;255	
268	2	3	11	幽楚		5794		143;96;80;255	
269	2	3	12	月下影		5838		125;91;83;255	
270	2	3	14	一颦		7087		121;36;34;255	2
271	2	3	15	飞嫣		7088		155;40;46;255	2
272	2	4	1	默认		5741		0;0;0;255	
273	2	4	2	青行		5741		0;0;0;255	
274	2	4	3	小篆		5742		0;0;0;255	
275	2	4	4	正楷		5743		0;0;0;255	
276	2	4	5	幽月		5744		81;74;100;255	
277	2	4	6	浅尝		5745		116;91;107;255	
278	2	4	7	复还		5746		124;82;80;255	
279	2	4	8	沧浪		5747		0;0;0;255	
280	2	4	9	懵然		5748		0;0;0;255	
281	2	4	10	深泽		5749		0;0;0;255	
282	2	4	11	勾韵		5750		0;0;0;255	
283	2	4	12	华月		5751		0;0;0;255	
284	2	5	1	默认		5639		0;0;0;255	
285	2	5	2	小山眉		5639		0;0;0;255	
286	2	5	3	上挑眉		5640		0;0;0;255	
287	2	5	4	螺旋眉		5641		0;0;0;255	
288	2	5	5	一字眉		5642		0;0;0;255	
289	2	5	6	秋娘眉		5643		0;0;0;255	
290	2	5	7	黛玉眉		5644		0;0;0;255	
291	2	5	8	巾帼眉		5645		0;0;0;255	
292	2	5	9	朴素眉		5646		0;0;0;255	
293	2	5	10	宽横眉		5647		0;0;0;255	
294	2	5	11	天则眉		5648		0;0;0;255	
295	2	5	12	直眉		5649		0;0;0;255	
296	2	5	13	厚直眉		5650		0;0;0;255	
297	2	5	14	刚正眉		5651		0;0;0;255	
298	2	5	15	平直眉		5839		0;0;0;255	
299	2	5	16	隐牙		6372		255;255;255;255	
300	2	5	17	月白		6373		255;255;255;255	
301	2	5	18	淡霜		6374		255;255;255;255	
302	2	5	19	迭雪		6375		255;255;255;255	
303	2	5	20	雪叶		6376		255;255;255;255	
304	2	5	21	湮月		7082		0;0;0;255	2
305	2	5	0	无		5815		255;255;255;255	
306	2	6	0	默认		5815		255;255;255;255	
307	2	6	1	暖蓉		5548		240;140;124;255	
308	2	6	2	小雅		5549		222;131;122;255	
309	2	6	3	含羞		5550		230;146;122;255	
310	2	6	4	采薇		5551		231;131;116;255	
311	2	6	5	淡舒		5552		225;125;115;255	
312	2	6	6	子衿		5553		228;115;112;255	
313	2	6	7	刻铭		5554		240;98;99;255	
314	2	6	8	点妆		5555		231;101;99;255	
315	2	6	9	酒糟鼻		5549		222;131;122;255	2
316	2	7	1	默认		5578		170;86;86;255	
317	2	7	2	丹云		5578		170;86;86;255	
318	2	7	3	点绛		5579		139;53;57;255	
319	2	7	4	薄光		5580		164;73;66;255	
320	2	7	5	云鸾		5581		174;90;72;255	
321	2	7	6	丰腴		5582		184;93;85;255	
322	2	7	7	银杏		5583		182;134;127;255	
323	2	7	8	含香		5584		184;90;100;255	
324	2	7	9	甘霖		5585		188;131;118;255	
325	2	7	10	唐风		5586		121;30;36;255	
326	2	7	11	侠骨		5587		173;83;84;255	
327	2	7	12	荡魄		5837		164;74;75;255	
328	2	8	1	默认		5556		255;255;255;255	
329	2	8	2	剪水		5556		255;255;255;255	
330	2	8	3	星眸		5557		255;255;255;255	
331	2	8	4	秋水		5558		255;255;255;255	
332	2	8	5	横波		5559		255;255;255;255	
333	2	8	6	春水		5560		255;255;255;255	
334	2	8	7	凝睇		5561		255;255;255;255	
335	2	8	8	清泉		5562		158;194;215;255	
336	2	8	9	悬珠		5563		255;255;255;255	
337	2	8	10	朗星		5564		255;255;255;255	
338	2	8	11	点漆		5565		255;255;255;255	
339	2	8	12	桃花		5566		255;255;255;255	
340	2	8	13	写轮		5567		255;255;255;255	
341	2	8	14	相印		5568		255;255;255;255	
342	2	8	0	无		5816		0;0;0;255	
343	2	9	0	默认		5815		255;255;255;255	
344	2	9	133	马王爷		8957		182;164;114;255	2
345	2	9	134	不染		8958		210;170;162;255	2
346	2	9	135	别艳		8952		110;25;24;255	2
347	2	9	136	滴血		8960		38;31;25;255	2
348	2	9	137	狱蛇		8959		255;255;255;255	2
349	2	9	138	昂		8955		141;30;10;255	2
350	2	9	139	帅意贴		8956		0;0;0;255	2
351	2	9	140	慈悲		8954		224;199;142;255	2
352	2	9	141	踪		8953	142	248;189;171;255	2
353	2	9	143	熊来了		8951		99;95;94;255	2
354	2	9	123	百回叱咤		8878		0;0;0;255	
355	2	9	124	望空		8879		167;66;34;255	
356	2	9	125	形伤旧事		8880		0;0;0;255	
357	2	9	126	残阳里		8881		187;75;48;255	
358	2	9	127	寒声碎		8882		255;255;255;255	
359	2	9	128	魔夜挽花		8883		0;0;0;255	
360	2	9	129	中宵寐		8884		0;0;0;255	
361	2	9	130	煌煌遗踪		8885		0;0;0;255	
362	2	9	131	秋寂		8887		255;255;255;255	
363	2	9	132	戏言峥嵘		8886		79;60;44;255	
364	2	9	118	枯荣		8279		255;255;255;255	
365	2	9	119	庭翼		8281		255;255;255;255	
366	2	9	120	菊踪		8282		255;255;255;255	
367	2	9	121	荣芳		8283		255;255;255;255	
368	2	9	122	金莲开		8277		182;152;102;255	
369	2	9	112	映带		7966		122;65;120;255	
370	2	9	113	海砂		7961		144;149;143;255	
371	2	9	114	惊蝶		7963		127;73;125;255	
372	2	9	116	湘梅		7967		166;158;152;255	
373	2	9	117	幽离		7965		127;73;125;255	
374	2	9	110	[六周年特别版]盾舞		7090		0;0;0;255	
375	2	9	111	祥云		7091		229;217;209;255	
376	2	9	109	相思		7089		231;58;58;255	
377	2	9	106	中征		6996		194;194;194;255	
378	2	9	108	晴敛		6997	107	107;108;151;255	
379	2	9	99	碧翠		6788	98	61;119;77;255	
380	2	9	100	浅游		6789	101	66;127;151;255	
381	2	9	102	绕藤		6790	103	115;158;64;255	
382	2	9	104	萤蝶		6792	105	81;148;144;255	
383	2	9	86	[五周年特别版]阴阳		6260		109;115;168;255	
384	2	9	87	[五周年特别版]素问		6267	88	93;136;141;255	
385	2	9	89	[五周年特别版]奇门遁甲 		6265	90	33;54;74;255	
386	2	9	91	[五周年特别版]大唐魂		6266		200;66;61;255	
387	2	9	92	[五周年特别版]妙舞		6263		194;95;97;255	
388	2	9	93	[五周年特别版]幻蛛		6268		97;65;96;255	
389	2	9	94	[五周年特别版]剑魄		6259		237;202;123;255	
390	2	9	95	[五周年特别版]光明火		6262		148;43;55;255	
391	2	9	96	[五周年特别版]降龙		6261	97	52;57;122;255	
392	2	9	1	一点红		5683		198;89;80;255	
393	2	9	2	新蕊		5684		172;83;90;255	
394	2	9	3	冷香		5685		196;56;97;255	
395	2	9	4	锦上		5686		177;78;62;255	
396	2	9	5	倾城		5687		187;54;87;255	
397	2	9	6	六出		5688		195;77;107;255	
398	2	9	7	上元		5689		196;56;97;255	
399	2	9	8	如意		5690		196;56;97;255	
400	2	9	9	菡萏		5691		255;255;255;255	
401	2	9	10	戏蝶		5697	11	197;110;102;255	
402	2	9	12	恋		5698	13	215;99;72;255	
403	2	9	14	国色天香		5699	15	246;100;106;255	
404	2	9	16	灼灼		5700	17	246;100;106;255	
405	2	9	18	笑春风		5701	19	246;100;106;255	
406	2	9	20	清霜醉		5702	21	246;212;215;255	
407	2	9	22	纷落		5703	23	246;212;215;255	
408	2	9	24	一剪梅		5704	25	208;144;139;255	
409	2	9	26	泪		5714		0;0;0;255	
410	2	9	27	无泪		5714		0;0;0;255	
411	2	9	28	美人痣		5714		0;0;0;255	
412	2	9	29	佳人		5720	30	255;70;98;255	
413	2	9	31	忘川		5705		0;0;0;255	
414	2	9	32	雨落忘川		5705		0;0;0;255	
415	2	9	33	奈何		5706	34	0;0;0;255	
416	2	9	35	黄泉		5707	36	119;18;0;255	
417	2	9	37	孤云出岫		5709		153;37;26;255	
418	2	9	38	惊鸿一瞥		5710		114;48;55;255	
419	2	9	39	浮世绘		5715		95;55;53;255	
420	2	9	40	发		5727		135;3;0;255	
421	2	9	41	死		5729		0;0;0;255	
422	2	9	42	囚		5728		0;0;0;255	
423	2	9	43	玩		5730		223;0;15;255	
424	2	9	44	忘忧		5721	45	255;255;255;255	
425	2	9	46	血仇		6041	47	154;35;35;255	
426	2	9	48	二郎神		6033		0;0;0;255	
427	2	9	49	拆		6029		210;40;40;255	
428	2	9	50	巴掌		6037		154;35;35;255	
429	2	9	51	脚印		6036		0;0;0;255	
430	2	9	52	痛扁		6028		141;102;103;255	
431	2	9	53	芳华		6035	54	253;175;175;255	
432	2	9	55	小哈		6039		255;255;255;255	
433	2	9	56	簪缨		6034		253;175;175;255	
434	2	9	57	霜锋		6031		109;69;51;255	
435	2	9	58	入魔		6081		103;66;53;255	
436	2	9	59	紫蝶		6088	60	187;135;187;255	
437	2	9	61	北斗		6082		203;152;37;255	
438	2	9	62	景云		6085		155;41;24;255	
439	2	9	63	雀斑		6091		189;156;135;255	
440	2	9	64	阴符		6092	65	51;42;37;255	
441	2	9	66	天目		6086		90;0;0;255	
442	2	9	67	血瞳		6087		101;10;9;255	
443	2	9	68	森罗		6090	69	177;0;0;255	
444	2	9	70	森罗万象		6090		177;0;0;255	
445	2	9	71	\鲤		6089	72	246;226;238;255	
446	2	9	73	花愁		6132		0;0;0;255	
447	2	9	74	菱眼		6136		0;0;0;255	
448	2	9	75	内牛满面		6131		213;194;185;255	
449	2	9	76	纤横		6130		70;60;53;255	
450	2	9	77	有凤来仪		6127		184;11;0;255	
451	2	9	78	狠戾		6133		173;129;107;255	
452	2	9	79	习目		6135	80	0;0;0;255	
453	2	9	81	羽目		6135		0;0;0;255	
454	2	9	82	鬼面		6128		175;33;16;255	
455	2	9	83	邪魅		6134		0;0;0;255	
456	2	9	84	蜈蚣		6129	85	0;0;0;255	
457	5	0	1	默认		5827		213;155;138;255	
458	5	0	2	冰肌		5828		209;168;151;255	
459	5	0	3	桃李		5829		224;150;132;255	
460	5	0	4	凝脂		5830		210;170;153;255	
461	5	1	1	默认		5849		69;64;48;255	
462	5	1	2	锦瑟		5849		69;64;48;255	
463	5	1	3	秋练		5842		89;64;63;255	
464	5	1	4	玄烛		5843		89;90;80;255	
465	5	1	5	纤阿		5850		49;40;34;255	
466	5	1	6	琳琅		5845		122;73;32;255	
467	5	1	7	望舒		5846		106;105;113;255	
468	5	1	8	猫眼		5847		32;25;24;255	
469	5	1	9	浮图		5848		106;105;113;255	
470	5	2	1	默认		5849		69;64;48;255	
471	5	2	2	锦瑟		5849		69;64;48;255	
472	5	2	3	秋练		5842		89;64;63;255	
473	5	2	4	玄烛		5843		89;90;80;255	
474	5	2	5	纤阿		5850		49;40;34;255	
475	5	2	6	琳琅		5845		122;73;32;255	
476	5	2	7	望舒		5846		106;105;113;255	
477	5	2	8	猫眼		5847		32;25;24;255	
478	5	2	9	浮图		5848		52;52;34;255	
479	5	3	0	默认		5815		255;255;255;255	
480	5	3	1	卿暮		5795		127;43;54;255	
481	5	3	2	墨韵		5796		163;53;67;255	
482	5	3	3	云絮		5797		66;68;155;255	
483	5	3	4	粉黛		5798		64;37;37;255	
484	5	3	5	惑心		5799		167;51;76;255	
485	5	3	6	蝶恋花		5800		153;96;172;255	
486	5	3	7	罗刹		5801		123;87;80;255	
487	5	3	8	羽焰		5802		87;62;64;255	
488	5	3	9	紫颜		5803		152;75;81;255	
489	5	3	10	百媚		5804		165;84;82;255	
490	5	3	11	幽楚		5805		143;96;80;255	
491	5	4	1	默认		5752		0;0;0;255	
492	5	4	2	稚意		5752		0;0;0;255	
493	5	4	3	疑然		5753		0;0;0;255	
494	5	4	4	轻妆		5754		0;0;0;255	
495	5	4	5	无饰		5755		0;0;0;255	
496	5	4	6	乱草		5756		0;0;0;255	
497	5	4	7	离峰		5757		0;0;0;255	
498	5	4	8	降世		5758		0;0;0;255	
499	5	4	9	明音		5759		0;0;0;255	
500	5	4	10	肆角		5760		0;0;0;255	
501	5	4	11	憧憬		5761		0;0;0;255	
502	5	5	1	默认		5652		0;0;0;255	
503	5	5	2	峰眉		5652		0;0;0;255	
504	5	5	3	嫦娥眉		5653		0;0;0;255	
505	5	5	4	一字眉		5654		0;0;0;255	
506	5	5	5	细横眉		5655		0;0;0;255	
507	5	5	6	慧心眉		5656		0;0;0;255	
508	5	5	7	上挑眉		5657		0;0;0;255	
509	5	5	8	浓眉		5658		0;0;0;255	
510	5	5	9	细眉		5659		0;0;0;255	
511	5	5	10	清秀眉		5660		0;0;0;255	
512	5	5	11	刚正眉		5661		0;0;0;255	
513	5	5	12	刀眉		5662		0;0;0;255	
514	5	5	13	猛张飞		5663		0;0;0;255	
515	5	5	14	清纯眉		5664		0;0;0;255	
516	5	5	15	宽浓眉		5665		0;0;0;255	
517	5	5	16	素牙		6377		255;255;255;255	
518	5	5	17	霜叶		6378		255;255;255;255	
519	5	5	18	白毫		6379		255;255;255;255	
520	5	5	19	封雪		6380		255;255;255;255	
521	5	5	20	月明		6381		255;255;255;255	
522	5	5	21	断浪		7083		0;0;0;255	2
523	5	5	0	无		5815		255;255;255;255	
524	5	6	0	默认		5815		0;0;0;255	
525	5	6	1	青皮胡		5992		0;0;0;255	
526	5	6	2	八字胡		5993		0;0;0;255	
527	5	6	3	亦邪胡		5994		0;0;0;255	
528	5	6	4	避世胡		5995		0;0;0;255	
529	5	6	5	逐世胡		5996		0;0;0;255	
530	5	6	6	地主胡		5997		0;0;0;255	
531	5	6	7	卫生胡		5998		0;0;0;255	
532	5	6	8	含羞		5550		230;146;122;255	
533	5	6	9	子衿		5553		228;115;112;255	
534	5	6	10	刻铭		5554		240;98;99;255	
535	5	6	13	酒糟鼻		5549		222;131;122;255	2
536	5	6	11	蝉翼胡		6657		0;0;0;255	
537	5	6	12	地主胡<白>		6658		0;0;0;255	
538	5	7	1	默认		5588		171;85;72;255	
539	5	7	2	不懂		5588		171;85;72;255	
540	5	7	3	不揭		5589		159;82;74;255	
541	5	7	4	不语		5590		160;83;69;255	
542	5	7	5	积善		5591		140;65;63;255	
543	5	7	6	欲止		5592		172;71;71;255	
544	5	7	7	下明		5593		202;144;132;255	
545	5	7	8	朱柔		5594		201;114;119;255	
546	5	7	9	厚德		5595		189;110;92;255	
547	5	7	10	浅尝		5596		191;110;102;255	
548	5	7	11	会意		5597		175;91;81;255	
549	5	7	12	箴言		5598		182;85;74;255	
550	5	8	1	默认		5556		255;255;255;255	
551	5	8	2	剪水		5556		255;255;255;255	
552	5	8	3	星眸		5557		255;255;255;255	
553	5	8	4	秋水		5558		255;255;255;255	
554	5	8	5	横波		5559		255;255;255;255	
555	5	8	6	春水		5560		255;255;255;255	
556	5	8	7	凝睇		5561		255;255;255;255	
557	5	8	8	清泉		5562		158;194;215;255	
558	5	8	9	悬珠		5563		255;255;255;255	
559	5	8	10	朗星		5564		255;255;255;255	
560	5	8	11	点漆		5565		255;255;255;255	
561	5	8	12	桃花		5566		255;255;255;255	
562	5	8	13	写轮		5567		255;255;255;255	
563	5	8	14	相印		5568		255;255;255;255	
564	5	8	0	无		5816		255;255;255;255	
565	5	9	0	默认		5815		255;255;255;255	
566	5	9	132	马王爷		8957		182;164;114;255	2
567	5	9	133	不染		8958		210;170;162;255	2
568	5	9	134	别艳		8952		110;25;24;255	2
569	5	9	135	滴血		8960		38;31;25;255	2
570	5	9	136	狱蛇		8959		255;255;255;255	2
571	5	9	137	昂		8955		141;30;10;255	2
572	5	9	138	帅意贴		8956		0;0;0;255	2
573	5	9	139	慈悲		8954		224;199;142;255	2
574	5	9	140	踪		8953	141	248;189;171;255	2
575	5	9	142	熊来了		8951		99;95;94;255	2
576	5	9	122	百回叱咤		8878		0;0;0;255	
577	5	9	123	望空		8879		167;66;34;255	
578	5	9	124	形伤旧事		8880		0;0;0;255	
579	5	9	125	残阳里		8881		187;75;48;255	
580	5	9	126	寒声碎		8882		255;255;255;255	
581	5	9	127	魔夜挽花		8883		0;0;0;255	
582	5	9	128	中宵寐		8884		0;0;0;255	
583	5	9	129	煌煌遗踪		8885		0;0;0;255	
584	5	9	130	秋寂		8887		255;255;255;255	
585	5	9	131	戏言峥嵘		8886		79;60;44;255	
586	5	9	117	枯荣		8279		255;255;255;255	
587	5	9	118	庭翼		8281		255;255;255;255	
588	5	9	119	菊踪		8282		255;255;255;255	
589	5	9	120	荣芳		8283		255;255;255;255	
590	5	9	121	金莲开		8277		182;152;102;255	
591	5	9	112	广交		7960		166;158;152;255	
592	5	9	113	飞轩		7959		166;158;152;255	
593	5	9	114	莲生		7964		166;158;152;255	
594	5	9	115	鲛鲸		7962		137;112;100;255	
595	5	9	116	垂眼		7958		136;122;116;255	
596	5	9	110	[六周年特别版]盾舞		7090		0;0;0;255	
597	5	9	111	祥云		7091		229;217;209;255	
598	5	9	107	中征		6996		194;194;194;255	
599	5	9	109	晴敛		6997	108	107;108;151;255	
600	5	9	105	凤尾		6791	106	85;70;42;255	
601	5	9	92	[五周年特别版]阴阳		6260		109;115;168;255	
602	5	9	93	[五周年特别版]素问		6267	94	93;136;141;255	
603	5	9	95	[五周年特别版]奇门遁甲 		6265	96	33;54;74;255	
604	5	9	97	[五周年特别版]大唐魂		6266		200;66;61;255	
605	5	9	98	[五周年特别版]莲华佛缘		6264		255;255;255;255	
606	5	9	99	[五周年特别版]妙舞		6263		194;95;97;255	
607	5	9	100	[五周年特别版]幻蛛		6268		97;65;96;255	
608	5	9	101	[五周年特别版]剑魄		6259		237;202;123;255	
609	5	9	102	[五周年特别版]光明火		6262		148;43;55;255	
610	5	9	103	[五周年特别版]降龙		6261	104	52;57;122;255	
611	5	9	1	一点红		5683		198;89;80;255	
612	5	9	2	冷香		5685		196;56;97;255	
613	5	9	3	锦上		5686		177;78;62;255	
614	5	9	4	菡萏		5691		255;255;255;255	
615	5	9	5	月夕		5692		255;255;255;255	
616	5	9	6	般若		5693		107;92;75;255	
617	5	9	7	金刚		5694		107;92;75;255	
618	5	9	8	恋		5698	9	215;99;72;255	
619	5	9	10	清霜醉		5702	11	246;212;215;255	
620	5	9	12	纷落		5703	13	246;212;215;255	
621	5	9	14	一剪梅		5704	15	246;212;215;255	
622	5	9	16	奈何		5706	17	0;0;0;255	
623	5	9	18	黄泉		5707	19	119;18;0;255	
624	5	9	20	蛮王		5708		221;79;53;255	
625	5	9	21	孤云出岫		5709		153;37;26;255	
626	5	9	22	惊鸿一瞥		5710		114;48;55;255	
627	5	9	23	战神		5712	24	99;23;20;255	
628	5	9	25	不败战神		5712		99;23;20;255	
629	5	9	26	喵		5713		95;55;53;255	
630	5	9	27	浮世绘		5715		0;0;0;255	
631	5	9	28	怒		5717	29	95;74;43;255	
632	5	9	30	腼腆		5719		255;255;255;255	
633	5	9	31	忘忧		5721	32	232;220;189;255	
634	5	9	33	发		5727		215;0;15;255	
635	5	9	34	囚		5728		0;0;0;255	
636	5	9	35	死		5729		0;0;0;255	
637	5	9	36	玩		5730		215;0;15;255	
638	5	9	37	归去来兮		5722	38	37;29;29;255	
639	5	9	39	墨凤		5723		37;29;29;255	
640	5	9	40	墨龙		5724	41	37;29;29;255	
641	5	9	42	龙啸九天		5725	43	37;29;29;255	
642	5	9	44	断戟		5679	45	140;99;90;255	
643	5	9	46	烽烟		5680	47	140;99;90;255	
644	5	9	48	无双		5681		90;90;90;255	
645	5	9	49	汗		5696		90;90;90;255	
646	5	9	50	熊猫眼		6040		0;0;0;255	
647	5	9	51	血仇		6041	52	154;35;35;255	
648	5	9	53	二郎神		6033		0;0;0;255	
649	5	9	54	拆		6029		210;40;40;255	
650	5	9	55	小哈		6039		255;255;255;255	
651	5	9	56	巴掌		6038		154;35;35;255	
652	5	9	57	脚印		6036		0;0;0;255	
653	5	9	58	痛扁		6028		141;102;103;255	
654	5	9	59	芳华		6035	60	253;175;175;255	
655	5	9	61	霜锋		6031		109;69;51;255	
656	5	9	62	入魔		6081		103;66;53;255	
657	5	9	63	紫蝶		6088	64	187;135;187;255	
658	5	9	65	景云		6085		155;41;24;255	
659	5	9	66	雀斑		6091		189;156;135;255	
660	5	9	67	血煞		6093	68	87;0;0;255	
661	5	9	69	血煞修罗		6093		87;0;0;255	
662	5	9	70	阴符		6092	71	51;42;37;255	
663	5	9	72	天目		6086		90;0;0;255	
664	5	9	73	血瞳		6087		101;10;9;255	
665	5	9	74	森罗		6090	75	177;0;0;255	
666	5	9	76	森罗万象		6090		177;0;0;255	
667	5	9	77	\鲤		6089	78	246;226;238;255	
668	5	9	79	内牛满面		6131		213;194;185;255	
669	5	9	80	花愁		6132		0;0;0;255	
670	5	9	81	菱眼		6136		0;0;0;255	
671	5	9	82	纤横		6130		70;60;53;255	
672	5	9	83	有凤来仪		6127		184;11;0;255	
673	5	9	84	狠戾		6133		173;129;107;255	
674	5	9	85	习目		6135	86	0;0;0;255	
675	5	9	87	羽目		6135		0;0;0;255	
676	5	9	88	鬼面		6128		175;33;16;255	
677	5	9	89	邪魅		6134		0;0;0;255	
678	5	9	90	蜈蚣		6129	91	0;0;0;255	
679	6	0	1	默认		5817		209;168;151;255	
680	6	0	2	冰肌		5818		209;168;151;255	
681	6	0	3	桃李		5819		209;168;151;255	
682	6	0	4	凝脂		5820		209;168;151;255	
683	6	1	1	默认		5841		40;34;25;255	
684	6	1	2	蟾宫		5841		40;34;25;255	
685	6	1	3	秋练		5842		69;64;48;255	
686	6	1	4	玄烛		5843		89;64;63;255	
687	6	1	5	白露		5844		157;161;132;255	
688	6	1	6	琳琅		5845		89;90;80;255	
689	6	1	7	望舒		5846		49;40;34;255	
690	6	1	8	猫眼		5847		122;73;32;255	
691	6	1	9	浮图		5848		106;105;113;255	
692	6	2	1	默认		5841		40;34;25;255	
693	6	2	2	蟾宫		5841		40;34;25;255	
694	6	2	3	秋练		5842		69;64;48;255	
695	6	2	4	玄烛		5843		89;64;63;255	
696	6	2	5	白露		5844		157;161;132;255	
697	6	2	6	琳琅		5845		89;90;80;255	
698	6	2	7	望舒		5846		49;40;34;255	
699	6	2	8	猫眼		5847		122;73;32;255	
700	6	2	9	浮图		5848		106;105;113;255	
701	6	3	0	默认		5815		255;255;255;255	
702	6	3	1	卿暮		5773		161;115;92;255	
703	6	3	2	墨韵		5774		132;95;82;255	
704	6	3	3	云絮		5775		145;40;74;255	
705	6	3	4	粉黛		5776		169;58;73;255	
706	6	3	5	惑心		5777		167;51;76;255	
707	6	3	6	蝶恋花		5778		153;96;172;255	
708	6	3	7	罗刹		5779		123;87;80;255	
709	6	3	8	羽焰		5780		185;83;86;255	
710	6	3	9	紫颜		5781		134;77;141;255	
711	6	3	10	百媚		5782		165;84;82;255	
712	6	3	11	幽楚		5783		143;96;80;255	
713	6	3	12	一颦		7085		121;36;34;255	2
714	6	3	13	飞嫣		7086		155;40;46;255	2
715	6	4	1	默认		5731		0;0;0;255	
716	6	4	2	无识		5731		0;0;0;255	
717	6	4	3	隽秀		5732		0;0;0;255	
718	6	4	4	上弦		5733		0;0;0;255	
719	6	4	5	隽秀		5734		0;0;0;255	
720	6	4	6	慵然		5735		68;51;51;255	
721	6	4	7	新月		5736		0;0;0;255	
722	6	4	8	望月		5737		0;0;0;255	
723	6	4	9	下弦		5738		0;0;0;255	
724	6	4	10	满月		5739		0;0;0;255	
725	6	4	11	韶光		5740		0;0;0;255	
726	6	5	1	默认		5623		0;0;0;255	
727	6	5	2	小山眉		5623		0;0;0;255	
728	6	5	3	嫦娥眉		5624		0;0;0;255	
729	6	5	4	一字眉		5625		0;0;0;255	
730	6	5	5	细横眉		5626		0;0;0;255	
731	6	5	6	标准		5627		0;0;0;255	
732	6	5	7	上挑眉		5628		0;0;0;255	
733	6	5	8	清纯眉		5629		94;69;56;255	
734	6	5	9	清秀眉		5630		85;60;53;255	
735	6	5	10	秋娘眉		5631		0;0;0;255	
736	6	5	11	淡眉		5632		0;0;0;255	
737	6	5	12	巾帼眉		5633		0;0;0;255	
738	6	5	13	朴素眉		5634		0;0;0;255	
739	6	5	14	宽横眉		5635		0;0;0;255	
740	6	5	15	细眉		5636		98;74;60;255	
741	6	5	16	直眉		5637		0;0;0;255	
742	6	5	17	厚直眉		5638		114;82;56;255	
743	6	5	18	黛尾		6382		255;255;255;255	
744	6	5	19	淡霜		6383		255;255;255;255	
745	6	5	20	迭雪		6384		255;255;255;255	
746	6	5	21	雪叶		6385		255;255;255;255	
747	6	5	22	素牙		6386		255;255;255;255	
748	6	5	23	湮月		7081		0;0;0;255	2
749	6	5	0	无		5815		255;255;255;255	
750	6	6	0	默认		5815		255;255;255;255	
751	6	6	1	暖蓉		5548		240;140;124;255	
752	6	6	2	小雅		5549		222;131;122;255	
753	6	6	3	含羞		5550		230;146;122;255	
754	6	6	4	采薇		5551		231;131;116;255	
755	6	6	5	淡舒		5552		225;125;115;255	
756	6	6	6	子衿		5553		228;115;112;255	
757	6	6	7	刻铭		5554		240;98;99;255	
758	6	6	8	点妆		5555		231;101;99;255	
759	6	6	9	酒糟鼻		5549		222;131;122;255	2
760	6	7	1	默认		5569		163;73;64;255	
761	6	7	2	言笑		5569		163;73;64;255	
762	6	7	3	生光		5570		167;82;75;255	
763	6	7	4	初亏		5571		168;85;84;255	
764	6	7	5	伴影		5572		173;83;79;255	
765	6	7	6	解颐		5573		196;107;97;255	
766	6	7	7	少情		5574		180;81;74;255	
767	6	7	8	云兮		5575		188;105;102;255	
768	6	7	9	迷心		5576		172;105;106;255	
769	6	7	10	文静		5577		182;123;123;255	
770	6	8	1	默认		5556		0;0;0;255	
771	6	8	2	剪水		5556		0;0;0;255	
772	6	8	3	星眸		5557		0;0;0;255	
773	6	8	4	秋水		5558		0;0;0;255	
774	6	8	5	横波		5559		0;0;0;255	
775	6	8	6	春水		5560		0;0;0;255	
776	6	8	7	凝睇		5561		0;0;0;255	
777	6	8	8	清泉		5562		158;194;215;255	
778	6	8	9	悬珠		5563		0;0;0;255	
779	6	8	10	朗星		5564		0;0;0;255	
780	6	8	11	点漆		5565		0;0;0;255	
781	6	8	12	桃花		5566		0;0;0;255	
782	6	8	13	写轮		5567		0;0;0;255	
783	6	8	14	相印		5568		0;0;0;255	
784	6	8	0	无		5816		0;0;0;255	
785	6	9	0	默认		5815		255;255;255;255;255	
786	6	9	131	马王爷		8957		182;164;114;255	2
787	6	9	132	不染		8958		210;170;162;255	2
788	6	9	133	别艳		8952		110;25;24;255	2
789	6	9	134	滴血		8960		38;31;25;255	2
790	6	9	135	狱蛇		8959		255;255;255;255	2
791	6	9	136	昂		8955		141;30;10;255	2
792	6	9	137	帅意贴		8956		0;0;0;255	2
793	6	9	138	慈悲		8954		224;199;142;255	2
794	6	9	139	踪		8953	140	248;189;171;255	2
795	6	9	141	熊来了		8951		99;95;94;255	2
796	6	9	121	百回叱咤		8878		0;0;0;255	
797	6	9	122	望空		8879		167;66;34;255	
798	6	9	123	形伤旧事		8880		0;0;0;255	
799	6	9	124	残阳里		8881		187;75;48;255	
800	6	9	125	寒声碎		8882		255;255;255;255	
801	6	9	126	魔夜挽花		8883		0;0;0;255	
802	6	9	127	中宵寐		8884		0;0;0;255	
803	6	9	128	煌煌遗踪		8885		0;0;0;255	
804	6	9	129	秋寂		8887		255;255;255;255	
805	6	9	130	戏言峥嵘		8886		79;60;44;255	
806	6	9	116	枯荣		8279		255;255;255;255	
807	6	9	117	庭翼		8281		255;255;255;255	
808	6	9	118	菊踪		8282		255;255;255;255	
809	6	9	119	荣芳		8283		255;255;255;255	
810	6	9	120	金莲开		8277		182;152;102;255	
811	6	9	111	映带		7966		122;65;120;255	
812	6	9	112	海砂		7961		144;149;143;255	
813	6	9	113	惊蝶		7963		127;73;125;255	
814	6	9	114	幽离		7965		127;73;125;255	
815	6	9	115	湘梅		7967		166;158;152;255	
816	6	9	109	[六周年特别版]盾舞		7090		0;0;0;255	
817	6	9	110	祥云		7091		229;217;209;255	
818	6	9	106	中征		6996		194;194;194;255	
819	6	9	108	晴敛		6997	107	107;108;151;255	
820	6	9	99	碧翠		6788	98	61;119;77;255	
821	6	9	100	浅游		6789	101	66;127;151;255	
822	6	9	102	绕藤		6790	103	115;158;64;255	
823	6	9	104	萤蝶		6792	105	81;148;144;255	
824	6	9	86	[五周年特别版]阴阳		6260		109;115;168;255	
825	6	9	87	[五周年特别版]素问		6267	88	93;136;141;255	
826	6	9	89	[五周年特别版]奇门遁甲 		6265	90	33;54;74;255	
827	6	9	91	[五周年特别版]大唐魂		6266		200;66;61;255	
828	6	9	92	[五周年特别版]妙舞		6263		194;95;97;255	
829	6	9	93	[五周年特别版]幻蛛		6268		97;65;96;255	
830	6	9	94	[五周年特别版]剑魄		6259		237;202;123;255	
831	6	9	95	[五周年特别版]光明火		6262		148;43;55;255	
832	6	9	96	[五周年特别版]降龙		6261	97	52;57;122;255	
833	6	9	1	一点红		5683		198;89;80;255	
834	6	9	2	新蕊		5684		172;83;90;255	
835	6	9	3	冷香		5685		196;56;97;255	
836	6	9	4	锦上		5686		177;78;62;255	
837	6	9	5	六出		5688		195;77;107;255	
838	6	9	6	月夕		5692		255;255;255;255	
839	6	9	7	戏蝶		5697	8	197;110;102;255	
840	6	9	9	恋		5698	10	215;99;72;255	
841	6	9	11	国色天香		5699	12	246;100;106;255	
842	6	9	13	灼灼		5700	14	246;100;106;255	
843	6	9	15	笑春风		5701	16	246;100;106;255	
844	6	9	17	清霜醉		5702	18	246;212;215;255	
845	6	9	19	纷落		5703	20	246;212;215;255	
846	6	9	21	一剪梅		5704	22	208;144;139;255	
847	6	9	23	孤云出岫		5709		153;37;26;255	
848	6	9	24	惊鸿一瞥		5710		114;48;55;255	
849	6	9	25	泪		5714		0;0;0;255	
850	6	9	26	无泪		5714		0;0;0;255	
851	6	9	27	美人痣		5714		0;0;0;255	
852	6	9	28	奈何		5706	29	0;0;0;255	
853	6	9	30	浮世绘		5715		95;55;53;255	
854	6	9	31	佳人		5720	32	255;70;98;255	
855	6	9	33	汗		5695		90;90;90;255	
856	6	9	34	忘忧		5721	35	255;255;255;255	
857	6	9	36	怒		5717	37	0;0;0;255	
858	6	9	38	喵		5713		0;0;0;255	
859	6	9	39	黄泉		5707	40	119;18;0;255	
860	6	9	41	死		5729		0;0;0;255	
861	6	9	42	发		5727		135;3;0;255	
862	6	9	43	囚		5728		0;0;0;255	
863	6	9	44	玩		5730		223;0;15;255	
864	6	9	45	腼腆		5719		204;61;50;255	
865	6	9	46	小哈		6039		255;255;255;255	
866	6	9	47	血仇		6041	48	154;35;35;255	
867	6	9	49	拆		6029		210;40;40;255	
868	6	9	50	巴掌		6038		154;35;35;255	
869	6	9	51	脚印		6036		0;0;0;255	
870	6	9	52	二郎神		6033		0;0;0;255	
871	6	9	53	痛扁		6028		141;102;103;255	
872	6	9	54	芳华		6035	55	253;175;175;255	
873	6	9	56	簪缨		6034		253;175;175;255	
874	6	9	57	霜锋		6031		109;69;51;255	
875	6	9	58	紫蝶		6088	59	187;135;187;255	
876	6	9	60	景云		6085		155;41;24;255	
877	6	9	61	北斗		6082		203;152;37;255	
878	6	9	62	雀斑		6091		189;156;135;255	
879	6	9	63	入魔		6081		103;66;53;255	
880	6	9	64	阴符		6092	65	51;42;37;255	
881	6	9	66	天目		6086		90;0;0;255	
882	6	9	67	血瞳		6087		101;10;9;255	
883	6	9	68	森罗		6090	69	177;0;0;255	
884	6	9	70	森罗万象		6090		177;0;0;255	
885	6	9	71	\鲤		6089	72	246;226;238;255	
886	6	9	73	内牛满面		6131		213;194;185;255	
887	6	9	74	花愁		6132		0;0;0;255	
888	6	9	75	菱眼		6136		0;0;0;255	
889	6	9	76	纤横		6130		70;60;53;255	
890	6	9	77	有凤来仪		6127		184;11;0;255	
891	6	9	78	狠戾		6133		173;129;107;255	
892	6	9	79	习目		6135	80	0;0;0;255	
893	6	9	81	羽目		6135		0;0;0;255	
894	6	9	82	鬼面		6128		175;33;16;255	
895	6	9	83	邪魅		6134		0;0;0;255	
896	6	9	84	蜈蚣		6129	85	0;0;0;255	

 -- by 每天涨停@梦江南 $ Jx3UnPack-PAKV3 jx3.mail@gmail.com